001036,11/5/2013 11:30:00 PM,279.0,179.0,53.0,5.0,1019.0,76.0,2.0,2
001036,11/5/2013 11:51:00 PM,302.0,228.0,53.0,5.0,1019.0,76.0,4.0,2
001036,11/6/2013 12:01:00 AM,302.0,228.0,53.0,5.0,1019.0,76.0,4.0,2
001036,11/6/2013 3:00:00 PM,136.0,140.0,47.0,18.0,1015.0,8.0,22.0,2
001036,11/6/2013 9:00:00 PM,15.0,54.0,25.0,13.0,1019.0,12.0,20.0,2
001036,11/6/2013 11:00:00 PM,10.0,53.0,20.0,10.0,1022.0,20.0,11.0,2
001036,11/7/2013 1:00:00 AM,4.0,19.0,23.0,10.0,1022.0,20.0,13.0,2
001036,11/7/2013 2:00:00 AM,4.0,27.0,26.0,8.0,1022.0,25.0,7.0,2
001036,11/7/2013 3:00:00 AM,17.0,34.0,34.0,9.0,1022.0,24.0,11.0,2
001036,11/7/2013 4:00:00 AM,18.0,42.0,37.0,8.0,1022.0,25.0,13.0,2
001036,11/7/2013 6:00:00 AM,34.0,53.0,32.0,7.0,1022.0,27.0,9.0,2
001036,11/7/2013 7:00:00 AM,35.0,57.0,32.0,5.0,1022.0,36.0,2.0,2
001036,11/7/2013 8:00:00 AM,32.0,64.0,30.0,3.0,1022.0,48.0,2.0,2
001036,11/7/2013 9:00:00 AM,53.0,90.0,30.0,2.0,1023.0,52.0,4.0,2
001036,11/7/2013 10:00:00 AM,130.0,110.0,35.0,11.0,1023.0,21.0,2.0,2
001036,11/7/2013 11:00:00 AM,130.0,84.0,33.0,11.0,1023.0,19.0,4.0,2
001036,11/7/2013 12:00:00 PM,60.0,56.0,29.0,12.0,1022.0,14.0,7.0,2
001036,11/7/2013 1:00:00 PM,61.0,55.0,28.0,13.0,1022.0,13.0,7.0,2
001036,11/7/2013 2:00:00 PM,51.0,50.0,30.0,14.0,1021.0,12.0,9.0,2
001036,11/7/2013 4:03:00 PM,51.0,52.0,31.0,14.0,1019.0,13.0,13.0,2
001036,11/7/2013 5:40:00 PM,86.0,80.0,31.0,14.0,1018.0,14.0,9.0,2
001036,11/7/2013 6:13:00 PM,86.0,80.0,31.0,10.0,1018.0,22.0,7.0,2
001036,11/7/2013 7:10:00 PM,178.0,116.0,33.0,10.0,1019.0,26.0,4.0,2
001036,11/7/2013 8:09:00 PM,164.0,114.0,41.0,6.0,1019.0,46.0,2.0,2
001036,11/7/2013 9:13:00 PM,128.0,98.0,35.0,5.0,1019.0,49.0,2.0,2
001036,11/7/2013 10:11:00 PM,265.0,168.0,40.0,5.0,1020.0,49.0,2.0,2
001036,11/7/2013 11:21:00 PM,254.0,177.0,47.0,4.0,1020.0,52.0,2.0,2
001036,11/8/2013 12:16:00 AM,248.0,190.0,49.0,4.0,1020.0,49.0,4.0,2
001036,11/8/2013 1:17:00 AM,243.0,200.0,50.0,2.0,1020.0,56.0,2.0,2
001036,11/8/2013 3:17:00 AM,227.0,197.0,46.0,2.0,1021.0,65.0,2.0,2
001036,11/8/2013 4:16:00 AM,191.0,158.0,43.0,0.0,1021.0,64.0,4.0,2
001036,11/8/2013 5:17:00 AM,172.0,159.0,20.0,1.0,1021.0,70.0,4.0,2
001036,11/8/2013 6:17:00 AM,157.0,142.0,40.0,0.0,1021.0,75.0,2.0,2
001036,11/8/2013 8:11:00 AM,123.0,123.0,38.0,0.0,1021.0,75.0,2.0,2
001036,11/8/2013 9:09:00 AM,125.0,131.0,40.0,0.0,1021.0,75.0,4.0,2
001036,11/8/2013 10:09:00 AM,120.0,109.0,42.0,6.0,1022.0,57.0,4.0,2
001036,11/8/2013 11:13:00 AM,113.0,101.0,48.0,9.0,1022.0,40.0,4.0,2
001036,11/8/2013 2:26:00 PM,215.0,140.0,74.0,13.0,1020.0,33.0,2.0,3
001036,11/8/2013 3:09:00 PM,215.0,140.0,74.0,14.0,1019.0,29.0,7.0,3
001036,11/8/2013 4:09:00 PM,219.0,139.0,78.0,14.0,1019.0,29.0,4.0,3
001036,11/8/2013 5:11:00 PM,226.0,143.0,78.0,13.0,1018.0,31.0,2.0,3
001036,11/8/2013 6:09:00 PM,228.0,147.0,78.0,11.0,1019.0,41.0,2.0,2
001036,11/8/2013 10:09:00 PM,265.0,260.0,71.0,7.0,1020.0,61.0,2.0,2
001036,11/8/2013 11:10:00 PM,292.0,265.0,71.0,8.0,1021.0,62.0,2.0,2
001036,11/9/2013 3:12:00 AM,271.0,291.0,59.0,6.0,1021.0,61.0,4.0,2
001036,11/9/2013 4:08:00 AM,275.0,262.0,58.0,6.0,1021.0,61.0,4.0,2
001036,11/9/2013 5:10:00 AM,275.0,189.0,59.0,6.0,1021.0,61.0,4.0,2
001036,11/9/2013 6:09:00 AM,276.0,200.0,64.0,6.0,1021.0,61.0,4.0,2
001036,11/9/2013 7:09:00 AM,275.0,205.0,59.0,6.0,1021.0,61.0,4.0,2
001036,11/9/2013 8:11:00 AM,266.0,211.0,57.0,6.0,1021.0,61.0,4.0,2
001036,11/9/2013 9:09:00 AM,254.0,194.0,51.0,6.0,1021.0,61.0,4.0,2
001036,11/9/2013 10:12:00 AM,247.0,180.0,52.0,6.0,1021.0,61.0,4.0,2
001036,11/9/2013 11:09:00 AM,227.0,147.0,54.0,6.0,1021.0,61.0,4.0,2
001036,11/9/2013 12:09:00 PM,252.0,149.0,63.0,6.0,1021.0,61.0,4.0,5
001036,11/9/2013 1:12:00 PM,257.0,154.0,68.0,14.0,1022.0,31.0,9.0,5
001036,11/9/2013 2:10:00 PM,237.0,137.0,65.0,15.0,1022.0,25.0,7.0,5
001036,11/9/2013 3:09:00 PM,239.0,142.0,65.0,16.0,1022.0,20.0,11.0,5
001036,11/9/2013 4:11:00 PM,243.0,167.0,67.0,16.0,1022.0,19.0,9.0,5
001036,11/9/2013 6:09:00 PM,246.0,164.0,67.0,12.0,1024.0,26.0,7.0,2
001036,11/9/2013 7:12:00 PM,48.0,163.0,28.0,13.0,1025.0,18.0,13.0,2
001036,11/9/2013 8:09:00 PM,11.0,53.0,22.0,13.0,1027.0,15.0,22.0,2
001036,11/9/2013 9:09:00 PM,8.0,12.0,20.0,11.0,1028.0,18.0,29.0,2
001036,11/9/2013 10:09:00 PM,14.0,17.0,19.0,10.0,1030.0,19.0,16.0,2
001036,11/9/2013 11:09:00 PM,8.0,29.0,18.0,9.0,1030.0,17.0,20.0,2
001036,11/10/2013 12:09:00 AM,25.0,55.0,17.0,7.0,1031.0,11.0,22.0,2
001036,11/10/2013 7:16:00 AM,4.0,21.0,21.0,1.0,1032.0,10.0,18.0,2
001036,11/10/2013 8:16:00 AM,4.0,65.0,22.0,1.0,1032.0,10.0,13.0,2
001036,11/10/2013 9:18:00 AM,4.0,21.0,10.0,1.0,1032.0,10.0,13.0,2
001036,11/10/2013 10:16:00 AM,133.0,64.0,27.0,3.0,1032.0,9.0,16.0,2
001036,11/10/2013 11:09:00 AM,112.0,75.0,25.0,5.0,1032.0,6.0,16.0,2
001036,11/10/2013 12:09:00 PM,92.0,70.0,25.0,7.0,1030.0,5.0,16.0,2
001036,11/10/2013 1:09:00 PM,95.0,64.0,29.0,7.0,1029.0,5.0,18.0,2
001036,11/10/2013 2:12:00 PM,61.0,63.0,30.0,8.0,1027.0,5.0,18.0,2
001036,11/10/2013 4:09:00 PM,40.0,45.0,30.0,10.0,1024.0,6.0,20.0,2
001036,11/10/2013 5:09:00 PM,55.0,61.0,30.0,10.0,1024.0,6.0,18.0,2
001036,11/10/2013 8:11:00 PM,210.0,130.0,41.0,8.0,1025.0,11.0,9.0,2
001036,11/10/2013 9:09:00 PM,213.0,135.0,44.0,8.0,1026.0,13.0,11.0,2
001036,11/10/2013 10:09:00 PM,198.0,120.0,46.0,3.0,1027.0,20.0,4.0,2
001036,11/10/2013 11:11:00 PM,203.0,141.0,48.0,3.0,1028.0,24.0,7.0,2
001036,11/11/2013 8:09:00 AM,174.0,118.0,35.0,-1.0,1031.0,47.0,4.0,2
001036,11/11/2013 9:11:00 AM,182.0,138.0,33.0,0.0,1031.0,51.0,7.0,2
001036,11/11/2013 11:14:00 AM,138.0,79.0,39.0,11.0,1031.0,14.0,9.0,2
001036,11/11/2013 12:09:00 PM,81.0,62.0,37.0,12.0,1030.0,12.0,7.0,2
001036,11/11/2013 1:11:00 PM,75.0,65.0,37.0,12.0,1028.0,13.0,9.0,2
001036,11/11/2013 2:19:00 PM,63.0,64.0,33.0,13.0,1027.0,12.0,9.0,2
001036,11/11/2013 3:14:00 PM,61.0,51.0,32.0,13.0,1026.0,12.0,9.0,2
001036,11/11/2013 6:09:00 PM,72.0,61.0,31.0,10.0,1024.0,17.0,11.0,2
001036,11/11/2013 7:09:00 PM,105.0,83.0,34.0,7.0,1025.0,23.0,4.0,2
001036,11/11/2013 10:11:00 PM,117.0,87.0,35.0,2.0,1025.0,48.0,2.0,2
001036,11/12/2013 7:09:00 AM,178.0,149.0,39.0,-2.0,1025.0,69.0,7.0,2
001036,11/12/2013 8:10:00 AM,184.0,146.0,41.0,1.0,1026.0,56.0,7.0,2
001036,11/12/2013 9:13:00 AM,203.0,170.0,44.0,4.0,1026.0,49.0,4.0,2
001036,11/12/2013 10:11:00 AM,203.0,146.0,45.0,7.0,1026.0,37.0,7.0,2
001036,11/12/2013 11:16:00 AM,234.0,150.0,58.0,10.0,1027.0,28.0,4.0,2
001036,11/12/2013 12:09:00 PM,132.0,77.0,51.0,12.0,1027.0,22.0,7.0,2
001036,11/12/2013 1:21:00 PM,107.0,68.0,50.0,15.0,1025.0,17.0,4.0,2
001036,11/12/2013 2:16:00 PM,75.0,52.0,42.0,16.0,1024.0,16.0,4.0,2
001036,11/12/2013 3:14:00 PM,55.0,51.0,40.0,15.0,1023.0,17.0,4.0,2
001036,11/12/2013 4:12:00 PM,80.0,59.0,42.0,15.0,1023.0,19.0,7.0,2
001036,11/12/2013 5:10:00 PM,108.0,76.0,48.0,15.0,1023.0,19.0,4.0,2
001036,11/12/2013 6:09:00 PM,101.0,74.0,45.0,11.0,1023.0,24.0,2.0,2
001036,11/12/2013 7:08:00 PM,118.0,95.0,44.0,7.0,1023.0,39.0,2.0,2
001036,11/12/2013 8:08:00 PM,185.0,166.0,52.0,7.0,1024.0,43.0,4.0,2
001036,11/12/2013 9:09:00 PM,236.0,183.0,54.0,8.0,1024.0,34.0,4.0,2
001036,11/12/2013 10:09:00 PM,214.0,134.0,50.0,8.0,1025.0,37.0,4.0,2
001036,11/13/2013 6:09:00 AM,216.0,181.0,48.0,3.0,1023.0,70.0,2.0,2
001036,11/13/2013 7:12:00 AM,213.0,189.0,46.0,1.0,1023.0,75.0,2.0,2
001036,11/13/2013 8:10:00 AM,198.0,152.0,46.0,2.0,1023.0,75.0,2.0,1
001036,11/13/2013 10:25:00 AM,239.0,151.0,57.0,5.0,1023.0,65.0,2.0,1
001036,11/13/2013 12:09:00 PM,233.0,143.0,61.0,7.0,1022.0,53.0,2.0,5
001036,11/13/2013 1:09:00 PM,219.0,127.0,64.0,8.0,1021.0,53.0,2.0,5
001036,11/13/2013 2:14:00 PM,231.0,139.0,70.0,8.0,1020.0,50.0,2.0,5
001036,11/13/2013 3:09:00 PM,249.0,148.0,73.0,9.0,1019.0,46.0,2.0,5
001036,11/13/2013 4:09:00 PM,273.0,152.0,66.0,9.0,1019.0,50.0,2.0,5
001036,11/13/2013 5:10:00 PM,280.0,157.0,65.0,9.0,1018.0,50.0,2.0,5
001036,11/13/2013 6:09:00 PM,280.0,162.0,63.0,9.0,1018.0,50.0,2.0,2
001036,11/13/2013 7:09:00 PM,280.0,183.0,64.0,9.0,1018.0,50.0,2.0,2
001036,11/13/2013 9:09:00 PM,326.0,341.0,68.0,4.0,1019.0,75.0,2.0,2
001036,11/14/2013 8:10:00 AM,285.0,178.0,46.0,4.0,1019.0,42.0,7.0,2
001036,11/14/2013 9:08:00 AM,288.0,185.0,45.0,7.0,1020.0,31.0,4.0,2
001036,11/14/2013 10:08:00 AM,302.0,212.0,52.0,10.0,1020.0,22.0,11.0,2
001036,11/14/2013 11:11:00 AM,301.0,212.0,21.0,10.0,1020.0,22.0,11.0,2
001036,11/14/2013 12:09:00 PM,379.0,199.0,84.0,13.0,1019.0,14.0,13.0,2
001036,11/14/2013 1:09:00 PM,254.0,85.0,65.0,13.0,1018.0,13.0,20.0,2
001036,11/14/2013 2:09:00 PM,122.0,67.0,47.0,14.0,1018.0,12.0,18.0,2
001036,11/14/2013 3:08:00 PM,87.0,43.0,38.0,14.0,1017.0,12.0,18.0,2
001036,11/14/2013 4:09:00 PM,47.0,24.0,28.0,14.0,1017.0,11.0,20.0,2
001036,11/14/2013 5:09:00 PM,31.0,21.0,25.0,14.0,1017.0,11.0,13.0,2
001036,11/14/2013 6:10:00 PM,60.0,64.0,27.0,13.0,1017.0,12.0,9.0,2
001036,11/14/2013 7:09:00 PM,91.0,86.0,34.0,12.0,1018.0,18.0,7.0,2
001036,11/14/2013 8:08:00 PM,158.0,178.0,57.0,11.0,1018.0,21.0,7.0,2
001036,11/14/2013 9:08:00 PM,175.0,165.0,57.0,8.0,1018.0,27.0,2.0,2
001036,11/14/2013 10:09:00 PM,152.0,138.0,52.0,6.0,1018.0,31.0,2.0,2
001036,11/14/2013 11:09:00 PM,167.0,145.0,49.0,10.0,1019.0,24.0,4.0,2
001036,11/15/2013 12:12:00 AM,256.0,212.0,51.0,9.0,1019.0,25.0,4.0,2
001036,11/15/2013 1:08:00 AM,227.0,174.0,47.0,2.0,1019.0,56.0,4.0,2
001036,11/15/2013 2:08:00 AM,228.0,161.0,45.0,2.0,1019.0,56.0,2.0,2
001036,11/15/2013 3:09:00 AM,221.0,167.0,50.0,0.0,1019.0,64.0,2.0,2
001036,11/15/2013 4:09:00 AM,223.0,195.0,60.0,1.0,1019.0,60.0,2.0,2
001036,11/15/2013 5:08:00 AM,214.0,165.0,57.0,-1.0,1019.0,69.0,2.0,2
001036,11/15/2013 6:08:00 AM,203.0,156.0,49.0,-2.0,1019.0,74.0,4.0,2
001036,11/15/2013 7:09:00 AM,200.0,149.0,44.0,-1.0,1019.0,75.0,2.0,2
001036,11/15/2013 9:09:00 AM,237.0,199.0,47.0,0.0,1019.0,69.0,4.0,2
001036,11/15/2013 10:09:00 AM,242.0,195.0,50.0,6.0,1019.0,49.0,2.0,2
001036,11/15/2013 11:15:00 AM,202.0,115.0,56.0,6.0,1019.0,49.0,2.0,2
001036,11/15/2013 12:10:00 PM,191.0,121.0,63.0,12.0,1018.0,18.0,4.0,2
001036,11/15/2013 1:08:00 PM,180.0,113.0,83.0,14.0,1017.0,16.0,4.0,2
001036,11/15/2013 2:09:00 PM,137.0,84.0,55.0,16.0,1016.0,13.0,4.0,2
001036,11/15/2013 3:09:00 PM,88.0,73.0,42.0,16.0,1014.0,13.0,4.0,2
001036,11/15/2013 4:09:00 PM,93.0,88.0,38.0,16.0,1015.0,13.0,11.0,2
001036,11/15/2013 5:09:00 PM,112.0,113.0,39.0,15.0,1015.0,15.0,9.0,2
001036,11/15/2013 6:09:00 PM,125.0,115.0,39.0,14.0,1015.0,16.0,9.0,2
001036,11/15/2013 7:11:00 PM,157.0,140.0,61.0,13.0,1015.0,17.0,7.0,2
001036,11/15/2013 8:09:00 PM,203.0,175.0,72.0,12.0,1015.0,18.0,7.0,2
001036,11/15/2013 9:09:00 PM,247.0,272.0,70.0,7.0,1015.0,31.0,2.0,2
001036,11/15/2013 10:09:00 PM,280.0,264.0,70.0,4.0,1016.0,45.0,2.0,2
001036,11/15/2013 11:10:00 PM,337.0,404.0,76.0,5.0,1016.0,45.0,2.0,2
001036,11/16/2013 12:09:00 AM,335.0,325.0,70.0,3.0,1015.0,48.0,2.0,2
001036,11/16/2013 1:09:00 AM,293.0,271.0,68.0,4.0,1015.0,49.0,2.0,2
001036,11/16/2013 2:09:00 AM,258.0,214.0,63.0,3.0,1014.0,52.0,4.0,2
001036,11/16/2013 3:15:00 AM,273.0,305.0,63.0,3.0,1014.0,56.0,2.0,2
001036,11/16/2013 4:08:00 AM,269.0,288.0,57.0,3.0,1014.0,56.0,2.0,2
001036,11/16/2013 5:08:00 AM,254.0,221.0,53.0,7.0,1014.0,37.0,4.0,2
001036,11/16/2013 6:08:00 AM,241.0,184.0,50.0,8.0,1014.0,32.0,7.0,2
001036,11/16/2013 7:09:00 AM,172.0,173.0,37.0,10.0,1015.0,26.0,22.0,2
001036,11/16/2013 8:09:00 AM,55.0,174.0,22.0,10.0,1016.0,24.0,22.0,2
001036,11/16/2013 9:09:00 AM,22.0,27.0,19.0,9.0,1017.0,25.0,20.0,2
001036,11/16/2013 10:10:00 AM,15.0,34.0,17.0,10.0,1018.0,24.0,22.0,2
001036,11/16/2013 11:09:00 AM,15.0,33.0,15.0,10.0,1018.0,24.0,22.0,2
001036,11/16/2013 12:11:00 PM,15.0,31.0,14.0,10.0,1018.0,24.0,22.0,2
001036,11/16/2013 1:09:00 PM,8.0,31.0,14.0,13.0,1018.0,14.0,27.0,2
001036,11/16/2013 2:09:00 PM,11.0,38.0,14.0,12.0,1018.0,13.0,31.0,2
001036,11/16/2013 3:09:00 PM,12.0,62.0,13.0,12.0,1019.0,12.0,31.0,2
001036,11/16/2013 4:10:00 PM,7.0,6.0,13.0,11.0,1020.0,14.0,29.0,2
001036,11/16/2013 5:09:00 PM,10.0,34.0,14.0,9.0,1021.0,17.0,27.0,2
001036,11/16/2013 6:09:00 PM,8.0,35.0,15.0,8.0,1022.0,18.0,27.0,2
001036,11/16/2013 7:13:00 PM,12.0,36.0,18.0,8.0,1023.0,18.0,27.0,2
001036,11/16/2013 8:09:00 PM,15.0,34.0,21.0,7.0,1024.0,20.0,27.0,2
001036,11/16/2013 9:09:00 PM,15.0,18.0,21.0,7.0,1025.0,20.0,22.0,2
001036,11/16/2013 10:09:00 PM,20.0,21.0,26.0,6.0,1025.0,21.0,13.0,2
001036,11/16/2013 11:09:00 PM,30.0,33.0,28.0,6.0,1025.0,21.0,13.0,2
001036,11/17/2013 12:09:00 AM,31.0,40.0,31.0,6.0,1024.0,23.0,11.0,2
001036,11/17/2013 1:09:00 AM,52.0,52.0,30.0,3.0,1024.0,28.0,4.0,2
001036,11/17/2013 2:09:00 AM,57.0,73.0,32.0,2.0,1023.0,35.0,2.0,2
001036,11/17/2013 5:08:00 AM,67.0,75.0,13.0,-2.0,1022.0,64.0,2.0,2
001036,11/17/2013 6:08:00 AM,70.0,89.0,29.0,-2.0,1022.0,64.0,2.0,2
001036,11/17/2013 7:09:00 AM,73.0,98.0,29.0,1.0,1023.0,44.0,9.0,2
001036,11/17/2013 8:09:00 AM,86.0,89.0,30.0,-1.0,1024.0,47.0,7.0,2
001036,11/17/2013 9:09:00 AM,78.0,75.0,29.0,2.0,1025.0,38.0,4.0,2
001036,11/17/2013 10:10:00 AM,112.0,99.0,33.0,6.0,1025.0,25.0,7.0,2
001036,11/17/2013 11:09:00 AM,123.0,78.0,31.0,9.0,1025.0,16.0,7.0,2
001036,11/17/2013 12:09:00 PM,95.0,50.0,33.0,9.0,1025.0,12.0,16.0,2
001036,11/17/2013 1:09:00 PM,20.0,6.0,22.0,10.0,1024.0,11.0,25.0,2
001036,11/17/2013 2:09:00 PM,7.0,6.0,17.0,9.0,1023.0,10.0,29.0,2
001036,11/17/2013 3:09:00 PM,4.0,6.0,17.0,10.0,1023.0,10.0,22.0,2
001036,11/17/2013 4:10:00 PM,4.0,6.0,15.0,10.0,1023.0,11.0,20.0,2
001036,11/17/2013 5:09:00 PM,10.0,22.0,14.0,10.0,1023.0,11.0,20.0,2
001036,11/17/2013 6:09:00 PM,15.0,45.0,13.0,8.0,1024.0,12.0,22.0,2
001036,11/17/2013 7:09:00 PM,11.0,38.0,15.0,7.0,1025.0,12.0,25.0,2
001036,11/17/2013 8:10:00 PM,15.0,39.0,14.0,6.0,1026.0,14.0,16.0,2
001036,11/17/2013 9:09:00 PM,7.0,29.0,17.0,5.0,1027.0,16.0,11.0,2
001036,11/17/2013 10:09:00 PM,15.0,42.0,27.0,4.0,1027.0,19.0,11.0,2
001036,11/17/2013 11:09:00 PM,12.0,16.0,19.0,4.0,1027.0,21.0,11.0,2
001036,11/18/2013 12:09:00 AM,20.0,12.0,25.0,4.0,1027.0,24.0,9.0,2
001036,11/18/2013 1:09:00 AM,24.0,14.0,29.0,3.0,1027.0,28.0,11.0,2
001036,11/18/2013 2:09:00 AM,25.0,51.0,34.0,2.0,1027.0,28.0,4.0,2
001036,11/18/2013 3:09:00 AM,25.0,36.0,34.0,2.0,1027.0,30.0,9.0,2
001036,11/18/2013 4:10:00 AM,32.0,62.0,32.0,2.0,1026.0,30.0,9.0,2
001036,11/18/2013 5:08:00 AM,45.0,69.0,29.0,4.0,1026.0,22.0,18.0,2
001036,11/18/2013 6:09:00 AM,57.0,66.0,28.0,4.0,1026.0,21.0,20.0,2
001036,11/18/2013 7:09:00 AM,60.0,59.0,28.0,3.0,1027.0,20.0,16.0,2
001036,11/18/2013 8:09:00 AM,67.0,75.0,27.0,3.0,1027.0,20.0,18.0,2
001036,11/18/2013 9:09:00 AM,72.0,76.0,27.0,3.0,1028.0,19.0,16.0,2
001036,11/18/2013 10:11:00 AM,101.0,90.0,27.0,5.0,1028.0,18.0,20.0,2
001036,11/18/2013 11:09:00 AM,106.0,53.0,32.0,6.0,1028.0,15.0,18.0,2
001036,11/18/2013 12:08:00 PM,55.0,40.0,30.0,7.0,1028.0,14.0,18.0,2
001036,11/18/2013 1:14:00 PM,42.0,36.0,29.0,8.0,1027.0,12.0,18.0,2
001036,11/18/2013 2:10:00 PM,40.0,26.0,28.0,8.0,1027.0,12.0,18.0,2
001036,11/18/2013 3:12:00 PM,45.0,36.0,27.0,10.0,1025.0,11.0,18.0,2
001036,11/18/2013 4:08:00 PM,61.0,51.0,29.0,10.0,1025.0,11.0,18.0,2
001036,11/18/2013 5:09:00 PM,68.0,59.0,29.0,8.0,1025.0,11.0,18.0,2
001036,11/18/2013 6:10:00 PM,77.0,60.0,28.0,5.0,1025.0,15.0,16.0,2
001036,11/18/2013 7:09:00 PM,95.0,71.0,33.0,5.0,1025.0,15.0,16.0,2
001036,11/18/2013 8:10:00 PM,136.0,106.0,39.0,4.0,1026.0,19.0,11.0,2
001036,11/18/2013 9:08:00 PM,177.0,128.0,45.0,5.0,1026.0,16.0,18.0,2
001036,11/18/2013 10:08:00 PM,138.0,103.0,42.0,3.0,1027.0,20.0,11.0,2
001036,11/18/2013 11:08:00 PM,123.0,106.0,39.0,3.0,1028.0,20.0,11.0,2
001036,11/19/2013 12:08:00 AM,134.4788775623463,91.66467367686238,44.986620651787206,5.129161061524169,1023.3752143902135,25.97152196424678,23.457917916509967,7
001036,11/19/2013 1:08:00 AM,142.0,87.0,34.0,1.0,1028.0,23.0,9.0,2
001036,11/19/2013 2:10:00 AM,121.0,65.0,31.0,0.0,1028.0,25.0,4.0,2
001036,11/19/2013 3:08:00 AM,150.0,119.0,37.0,0.0,1027.0,30.0,7.0,2
001036,11/19/2013 4:08:00 AM,168.0,124.0,38.0,1.0,1027.0,23.0,11.0,2
001036,11/19/2013 5:08:00 AM,133.0,117.0,44.0,0.0,1026.0,32.0,7.0,2
001036,11/19/2013 6:08:00 AM,151.0,122.0,41.0,0.0,1026.0,32.0,7.0,2
001036,11/19/2013 7:08:00 AM,151.0,123.0,41.0,0.0,1026.0,32.0,7.0,2
001036,11/19/2013 8:10:00 AM,165.0,120.0,42.0,-1.0,1027.0,34.0,4.0,2
001036,11/19/2013 9:09:00 AM,137.0,115.0,35.0,0.0,1027.0,32.0,2.0,2
001036,11/19/2013 10:11:00 AM,135.0,95.0,32.0,2.0,1027.0,24.0,11.0,2
001036,11/19/2013 11:11:00 AM,118.0,45.0,34.0,3.0,1027.0,20.0,9.0,2
001036,11/19/2013 12:09:00 PM,67.0,43.0,33.0,5.0,1026.0,16.0,4.0,2
001036,11/19/2013 1:08:00 PM,71.0,43.0,33.0,6.0,1025.0,15.0,4.0,2
001036,11/19/2013 2:11:00 PM,65.0,51.0,32.0,6.0,1024.0,15.0,4.0,2
001036,11/19/2013 3:12:00 PM,72.0,58.0,33.0,7.0,1023.0,14.0,4.0,2
001036,11/19/2013 4:11:00 PM,78.0,62.0,34.0,8.0,1022.0,12.0,2.0,2
001036,11/19/2013 5:10:00 PM,87.0,61.0,32.0,7.0,1022.0,14.0,2.0,2
001036,11/19/2013 6:10:00 PM,86.0,65.0,32.0,5.0,1022.0,19.0,2.0,2
001036,11/19/2013 7:09:00 PM,145.0,94.0,37.0,4.0,1022.0,24.0,2.0,2
001036,11/19/2013 8:09:00 PM,148.0,100.0,38.0,5.0,1023.0,19.0,4.0,2
001036,11/19/2013 9:09:00 PM,161.0,101.0,38.0,5.0,1023.0,23.0,7.0,2
001036,11/19/2013 10:09:00 PM,240.0,135.0,38.0,5.0,1023.0,24.0,4.0,2
001036,11/19/2013 11:10:00 PM,230.0,159.0,44.0,-1.0,1023.0,51.0,4.0,2
001036,11/20/2013 12:09:00 AM,238.0,166.0,46.0,-1.0,1023.0,40.0,2.0,2
001036,11/20/2013 1:08:00 AM,240.0,173.0,44.0,-1.0,1023.0,51.0,2.0,2
001036,11/20/2013 2:09:00 AM,214.0,150.0,39.0,-2.0,1023.0,55.0,2.0,2
001036,12/9/2013 5:11:00 PM,42.0,6.0,4.0,6.0,1022.0,15.0,16.0,2
001036,12/9/2013 5:27:00 PM,45.0,6.0,4.0,6.0,1022.0,15.0,16.0,2
001036,12/9/2013 6:19:00 PM,45.0,28.0,11.0,5.0,1022.0,16.0,11.0,2
001036,12/9/2013 7:22:00 PM,72.0,28.0,11.0,2.0,1022.0,22.0,4.0,2
001036,12/10/2013 2:22:00 AM,192.0,65.0,16.0,-3.0,1022.0,43.0,2.0,2
001036,12/10/2013 2:36:00 AM,221.0,65.0,13.0,-4.0,1022.0,46.0,4.0,2
001036,12/10/2013 3:16:00 AM,221.0,43.0,13.0,-6.0,1021.0,58.0,4.0,2
001036,12/10/2013 4:16:00 AM,227.0,43.0,12.0,-6.0,1021.0,54.0,7.0,2
001036,12/10/2013 5:16:00 AM,225.0,34.0,12.0,-4.0,1020.0,54.0,4.0,2
001036,12/10/2013 6:18:00 AM,197.0,32.0,12.0,-5.0,1019.0,54.0,4.0,2
001036,12/10/2013 7:20:00 AM,182.0,32.0,12.0,-4.0,1019.0,54.0,2.0,2
001036,12/10/2013 8:19:00 AM,188.0,30.0,12.0,-4.0,1019.0,54.0,4.0,2
001036,12/10/2013 10:25:00 AM,181.0,50.0,13.0,-2.0,1019.0,51.0,4.0,2
001036,12/10/2013 11:16:00 AM,170.0,52.0,15.0,0.0,1019.0,41.0,2.0,2
001036,12/10/2013 12:21:00 PM,232.0,56.0,16.0,0.0,1018.0,32.0,4.0,1
001036,12/10/2013 5:24:00 PM,8.0,75.0,2.0,4.0,1019.0,14.0,29.0,1
001036,12/11/2013 12:22:00 PM,93.0,54.0,10.0,4.0,1019.0,15.0,13.0,2
001036,12/11/2013 1:22:00 PM,82.0,43.0,7.0,5.0,1019.0,13.0,11.0,2
001036,12/11/2013 2:20:00 PM,78.0,50.0,8.0,6.0,1017.0,13.0,22.0,2
001036,12/11/2013 3:23:00 PM,77.0,43.0,9.0,7.0,1016.0,11.0,18.0,2
001036,12/11/2013 4:22:00 PM,47.0,45.0,9.0,7.0,1016.0,11.0,16.0,2
001036,12/11/2013 5:18:00 PM,34.0,52.0,8.0,7.0,1016.0,12.0,18.0,2
001036,12/11/2013 6:19:00 PM,34.0,52.0,8.0,7.0,1016.0,12.0,18.0,2
001036,12/11/2013 7:20:00 PM,34.0,52.0,8.0,7.0,1016.0,12.0,18.0,2
001036,12/11/2013 8:24:00 PM,87.0,66.0,17.0,3.0,1017.0,20.0,2.0,2
001036,12/11/2013 9:17:00 PM,115.0,56.0,18.0,3.0,1017.0,17.0,4.0,2
001036,12/11/2013 11:23:00 PM,203.0,68.0,16.0,2.0,1017.0,20.0,4.0,2
001036,12/12/2013 1:36:00 AM,151.0,75.0,15.0,1.0,1017.0,22.0,2.0,2
001036,12/12/2013 1:48:00 AM,151.0,75.0,15.0,-2.0,1017.0,31.0,2.0,2
001036,12/12/2013 2:13:00 AM,151.0,75.0,15.0,-2.0,1017.0,31.0,2.0,2
001036,12/12/2013 3:12:00 AM,158.0,75.0,15.0,-2.0,1017.0,31.0,2.0,2
001036,12/12/2013 4:15:00 AM,170.0,75.0,15.0,-2.0,1017.0,31.0,2.0,2
001036,12/12/2013 5:12:00 AM,141.0,75.0,15.0,-2.0,1017.0,31.0,2.0,2
001036,12/12/2013 6:13:00 AM,133.0,75.0,15.0,-2.0,1017.0,31.0,2.0,2
001036,12/12/2013 7:13:00 AM,113.0,75.0,15.0,-2.0,1017.0,31.0,2.0,2
001036,12/12/2013 8:16:00 AM,103.0,75.0,15.0,-2.0,1017.0,31.0,2.0,2
001036,12/12/2013 9:19:00 AM,53.0,75.0,15.0,-2.0,1017.0,31.0,2.0,2
001036,12/12/2013 10:19:00 AM,11.0,15.0,15.0,-1.0,1021.0,16.0,25.0,2
001036,12/12/2013 11:21:00 AM,12.0,6.0,2.0,1.0,1024.0,11.0,22.0,2
001036,12/12/2013 12:16:00 PM,8.0,33.0,2.0,1.0,1023.0,11.0,22.0,2
001036,12/12/2013 12:42:00 PM,7.0,33.0,2.0,1.0,1023.0,11.0,22.0,2
001036,12/12/2013 1:17:00 PM,7.0,33.0,1.0,1.0,1023.0,10.0,22.0,2
001036,12/12/2013 2:31:00 PM,11.0,39.0,1.0,1.0,1023.0,7.0,27.0,2
001036,12/13/2013 11:30:00 AM,126.0,71.0,12.0,-8.0,1025.0,32.0,2.0,2
001036,12/13/2013 12:18:00 PM,126.0,71.0,12.0,-8.0,1025.0,32.0,2.0,2
001036,12/13/2013 1:20:00 PM,115.0,79.0,13.0,1.0,1026.0,12.0,4.0,2
001036,12/13/2013 2:15:00 PM,73.0,73.0,11.0,2.0,1024.0,12.0,4.0,2
001036,12/13/2013 3:17:00 PM,106.0,71.0,11.0,3.0,1024.0,11.0,7.0,2
001036,12/13/2013 4:13:00 PM,104.0,71.0,11.0,3.0,1024.0,11.0,7.0,2
001036,12/13/2013 5:14:00 PM,104.0,71.0,11.0,3.0,1024.0,11.0,7.0,2
001036,12/13/2013 6:16:00 PM,141.0,71.0,11.0,3.0,1024.0,11.0,7.0,2
001036,12/13/2013 7:15:00 PM,167.0,93.0,13.0,-4.0,1024.0,28.0,4.0,2
001036,12/13/2013 8:14:00 PM,309.0,93.0,13.0,-4.0,1024.0,28.0,4.0,2
001036,12/13/2013 8:37:00 PM,251.0,93.0,13.0,-4.0,1024.0,28.0,4.0,2
001036,12/13/2013 9:15:00 PM,251.0,116.0,10.0,-3.0,1025.0,26.0,4.0,2
001036,12/13/2013 10:32:00 PM,269.0,116.0,10.0,-3.0,1025.0,26.0,4.0,2
001036,12/13/2013 11:32:00 PM,246.0,116.0,10.0,-3.0,1025.0,26.0,4.0,2
001036,12/14/2013 12:36:00 AM,230.0,87.0,9.0,-7.0,1026.0,39.0,7.0,2
001036,12/14/2013 1:35:00 AM,229.0,78.0,10.0,-7.0,1026.0,42.0,4.0,2
001036,12/14/2013 2:34:00 AM,229.0,78.0,10.0,-7.0,1026.0,42.0,4.0,2
001036,12/14/2013 3:14:00 AM,216.0,78.0,10.0,-7.0,1026.0,42.0,4.0,2
001036,12/14/2013 4:13:00 AM,201.0,73.0,9.0,-8.0,1027.0,42.0,9.0,2
001036,12/14/2013 5:14:00 AM,200.0,63.0,9.0,-8.0,1027.0,45.0,7.0,2
001036,12/14/2013 6:14:00 AM,192.0,51.0,9.0,-7.0,1027.0,39.0,2.0,2
001036,12/14/2013 7:15:00 AM,195.0,51.0,9.0,-7.0,1027.0,39.0,2.0,2
001036,12/14/2013 8:14:00 AM,195.0,51.0,9.0,-7.0,1027.0,39.0,2.0,2
001036,12/14/2013 9:15:00 AM,195.0,51.0,9.0,-7.0,1027.0,39.0,2.0,2
001036,12/14/2013 10:15:00 AM,195.0,51.0,9.0,-7.0,1027.0,39.0,2.0,2
001036,12/14/2013 11:14:00 AM,195.0,51.0,9.0,-7.0,1027.0,39.0,2.0,2
001036,12/14/2013 12:13:00 PM,210.0,51.0,9.0,-7.0,1027.0,39.0,2.0,2
001036,12/14/2013 1:15:00 PM,113.0,70.0,11.0,3.0,1029.0,9.0,9.0,2
001036,12/14/2013 2:13:00 PM,112.0,75.0,11.0,3.0,1029.0,9.0,9.0,2
001036,12/14/2013 3:14:00 PM,112.0,75.0,11.0,4.0,1028.0,8.0,9.0,2
001036,12/14/2013 4:14:00 PM,105.0,90.0,12.0,5.0,1028.0,7.0,2.0,2
001036,12/14/2013 6:15:00 PM,116.0,97.0,13.0,1.0,1029.0,10.0,2.0,2
001036,12/14/2013 7:14:00 PM,143.0,97.0,13.0,-1.0,1029.0,16.0,4.0,2
001036,12/14/2013 8:15:00 PM,178.0,108.0,14.0,-3.0,1030.0,22.0,2.0,2
001036,12/14/2013 9:35:00 PM,235.0,108.0,14.0,-4.0,1030.0,28.0,2.0,2
001036,12/14/2013 10:31:00 PM,242.0,107.0,12.0,-5.0,1030.0,28.0,4.0,2
001036,12/14/2013 11:36:00 PM,250.0,123.0,12.0,-1.0,1031.0,21.0,7.0,2
001036,12/15/2013 12:37:00 AM,249.0,121.0,12.0,-3.0,1032.0,26.0,4.0,2
001036,12/15/2013 1:29:00 AM,293.0,121.0,12.0,-3.0,1032.0,26.0,4.0,2
001036,12/15/2013 2:33:00 AM,279.0,94.0,12.0,-3.0,1032.0,26.0,2.0,2
001036,12/15/2013 3:14:00 AM,279.0,94.0,11.0,-5.0,1032.0,39.0,2.0,2
001036,12/15/2013 4:13:00 AM,253.0,65.0,11.0,-7.0,1033.0,36.0,7.0,2
001036,12/15/2013 5:14:00 AM,252.0,65.0,11.0,-7.0,1033.0,36.0,7.0,2
001036,12/15/2013 6:13:00 AM,252.0,65.0,11.0,-7.0,1033.0,36.0,7.0,2
001036,12/15/2013 7:14:00 AM,252.0,65.0,11.0,-7.0,1033.0,36.0,7.0,2
001036,12/15/2013 8:14:00 AM,252.0,65.0,11.0,-7.0,1033.0,36.0,7.0,2
001036,12/15/2013 9:15:00 AM,252.0,65.0,11.0,-7.0,1033.0,36.0,7.0,2
001036,12/15/2013 10:15:00 AM,252.0,65.0,11.0,-7.0,1033.0,36.0,7.0,2
001036,12/15/2013 11:13:00 AM,208.0,65.0,11.0,-7.0,1033.0,36.0,7.0,2
001036,12/15/2013 12:14:00 PM,87.0,50.0,10.0,3.0,1036.0,13.0,4.0,2
001036,12/15/2013 1:14:00 PM,60.0,50.0,10.0,4.0,1034.0,10.0,2.0,2
001036,12/15/2013 2:14:00 PM,37.0,38.0,10.0,5.0,1032.0,10.0,4.0,2
001036,12/15/2013 3:13:00 PM,24.0,32.0,6.0,5.0,1032.0,10.0,4.0,2
001036,12/15/2013 4:15:00 PM,52.0,35.0,7.0,5.0,1032.0,11.0,2.0,2
001036,12/15/2013 5:15:00 PM,71.0,35.0,9.0,4.0,1032.0,11.0,4.0,2
001036,12/15/2013 6:17:00 PM,100.0,63.0,10.0,1.0,1033.0,17.0,2.0,2
001036,12/15/2013 7:26:00 PM,128.0,72.0,12.0,0.0,1033.0,21.0,2.0,2
001036,12/15/2013 8:34:00 PM,223.0,72.0,12.0,-2.0,1034.0,34.0,2.0,2
001036,12/15/2013 10:38:00 PM,265.0,102.0,13.0,-4.0,1033.0,43.0,2.0,2
001036,12/15/2013 11:35:00 PM,296.0,102.0,13.0,-5.0,1034.0,43.0,2.0,2
001036,12/16/2013 12:35:00 AM,285.0,97.0,12.0,-4.0,1034.0,40.0,2.0,2
001036,12/16/2013 1:34:00 AM,285.0,79.0,12.0,-5.0,1034.0,50.0,2.0,2
001036,12/16/2013 2:33:00 AM,239.0,79.0,12.0,-5.0,1034.0,50.0,2.0,2
001036,12/16/2013 3:13:00 AM,239.0,78.0,12.0,-6.0,1033.0,46.0,2.0,2
001036,12/16/2013 4:14:00 AM,195.0,78.0,11.0,-7.0,1033.0,49.0,4.0,2
001036,12/16/2013 5:14:00 AM,168.0,66.0,11.0,-7.0,1032.0,49.0,4.0,2
001036,12/16/2013 6:14:00 AM,170.0,66.0,11.0,-7.0,1032.0,49.0,4.0,2
001036,12/16/2013 7:15:00 AM,170.0,66.0,11.0,-7.0,1032.0,49.0,4.0,2
001036,12/16/2013 8:15:00 AM,170.0,66.0,11.0,-7.0,1032.0,49.0,4.0,2
001036,12/16/2013 9:16:00 AM,141.0,67.0,11.0,-8.0,1032.0,53.0,7.0,2
001036,12/16/2013 10:14:00 AM,140.0,67.0,11.0,-8.0,1032.0,53.0,7.0,2
001036,12/16/2013 11:16:00 AM,218.0,67.0,11.0,-8.0,1032.0,53.0,7.0,2
001036,12/16/2013 12:15:00 PM,222.0,82.0,14.0,-1.0,1032.0,37.0,2.0,1
001036,12/16/2013 2:15:00 PM,160.0,87.0,15.0,1.0,1029.0,23.0,2.0,1
001036,12/16/2013 3:15:00 PM,201.0,83.0,15.0,2.0,1029.0,22.0,2.0,1
001036,12/16/2013 4:14:00 PM,198.0,83.0,14.0,2.0,1029.0,24.0,2.0,1
001036,12/16/2013 5:14:00 PM,215.0,94.0,14.0,1.0,1029.0,25.0,2.0,1
001036,12/16/2013 6:15:00 PM,230.0,100.0,16.0,-2.0,1029.0,37.0,2.0,3
001036,12/16/2013 7:14:00 PM,258.0,100.0,16.0,-2.0,1029.0,40.0,2.0,3
001036,12/16/2013 8:16:00 PM,256.0,100.0,18.0,-2.0,1030.0,43.0,2.0,3
001036,12/16/2013 9:34:00 PM,263.0,103.0,20.0,-2.0,1030.0,51.0,2.0,3
001036,12/16/2013 10:35:00 PM,253.0,128.0,20.0,-1.0,1030.0,44.0,2.0,3
001036,12/16/2013 11:34:00 PM,298.0,144.0,19.0,-1.0,1031.0,44.0,2.0,3
001036,12/17/2013 12:34:00 AM,303.0,129.0,19.0,-1.0,1031.0,44.0,2.0,3
001036,12/17/2013 1:32:00 AM,313.0,129.0,20.0,-2.0,1031.0,47.0,4.0,3
001036,12/17/2013 2:13:00 AM,313.0,125.0,16.0,-3.0,1031.0,47.0,4.0,3
001036,12/17/2013 3:13:00 AM,271.0,111.0,16.0,-3.0,1031.0,51.0,4.0,3
001036,12/17/2013 4:13:00 AM,238.0,103.0,16.0,-2.0,1032.0,47.0,4.0,3
001036,12/17/2013 5:13:00 AM,187.0,103.0,16.0,-1.0,1031.0,44.0,7.0,3
001036,12/17/2013 6:13:00 AM,188.0,105.0,16.0,-2.0,1031.0,47.0,4.0,3
001036,12/17/2013 7:15:00 AM,207.0,108.0,15.0,-2.0,1032.0,47.0,2.0,3
001036,12/17/2013 8:14:00 AM,215.0,100.0,15.0,0.0,1032.0,30.0,9.0,3
001036,12/17/2013 9:14:00 AM,197.0,89.0,14.0,0.0,1033.0,30.0,11.0,3
001036,12/17/2013 2:15:00 PM,44.0,42.0,10.0,1.0,1033.0,22.0,7.0,1
001036,12/17/2013 3:12:00 PM,45.0,43.0,7.0,2.0,1032.0,20.0,7.0,1
001036,12/17/2013 4:15:00 PM,40.0,26.0,7.0,2.0,1032.0,18.0,7.0,1
001036,12/17/2013 5:14:00 PM,45.0,31.0,7.0,1.0,1032.0,20.0,7.0,1
001036,12/17/2013 6:23:00 PM,44.0,38.0,14.0,0.0,1033.0,25.0,4.0,2
001036,12/17/2013 7:34:00 PM,64.0,71.0,16.0,-3.0,1034.0,31.0,4.0,2
001036,12/17/2013 8:33:00 PM,64.0,71.0,16.0,-3.0,1034.0,31.0,4.0,2
001036,12/17/2013 9:49:00 PM,64.0,71.0,16.0,-3.0,1034.0,31.0,4.0,2
001036,12/17/2013 10:37:00 PM,64.0,71.0,16.0,-3.0,1034.0,31.0,4.0,2
001036,12/17/2013 11:38:00 PM,64.0,71.0,16.0,-3.0,1034.0,31.0,4.0,2
001036,12/18/2013 12:37:00 AM,210.0,71.0,18.0,-5.0,1037.0,28.0,9.0,2
001036,12/18/2013 1:19:00 AM,210.0,71.0,18.0,-5.0,1037.0,28.0,9.0,2
001036,12/18/2013 2:18:00 AM,210.0,71.0,18.0,-5.0,1037.0,28.0,9.0,2
001036,12/18/2013 11:08:00 AM,183.0,106.0,12.0,1.0,1035.0,48.0,4.0,2
001036,12/18/2013 11:45:00 AM,183.0,106.0,12.0,1.0,1035.0,48.0,4.0,2
001036,12/18/2013 12:16:00 PM,183.0,106.0,12.0,1.0,1035.0,48.0,4.0,2
001036,12/18/2013 1:16:00 PM,183.0,106.0,12.0,1.0,1035.0,48.0,4.0,2
001036,12/18/2013 2:16:00 PM,183.0,106.0,12.0,1.0,1035.0,48.0,4.0,2
001036,12/18/2013 3:15:00 PM,183.0,106.0,12.0,1.0,1035.0,48.0,4.0,2
001036,12/18/2013 4:16:00 PM,85.0,44.0,9.0,0.0,1029.0,17.0,4.0,2
001036,12/18/2013 5:15:00 PM,91.0,59.0,10.0,-1.0,1029.0,23.0,7.0,2
001036,12/18/2013 6:14:00 PM,100.0,62.0,10.0,-3.0,1029.0,26.0,4.0,2
001036,12/18/2013 7:14:00 PM,121.0,68.0,10.0,-4.0,1029.0,31.0,4.0,2
001036,12/18/2013 8:15:00 PM,161.0,84.0,10.0,-4.0,1029.0,28.0,4.0,2
001036,12/18/2013 9:16:00 PM,152.0,80.0,10.0,-5.0,1029.0,33.0,2.0,2
001036,12/18/2013 10:14:00 PM,184.0,88.0,9.0,-8.0,1030.0,45.0,4.0,2
001036,12/18/2013 11:18:00 PM,181.0,90.0,8.0,-7.0,1030.0,46.0,2.0,2
001036,12/19/2013 12:17:00 AM,200.0,89.0,8.0,-6.0,1030.0,36.0,2.0,2
001036,12/19/2013 1:16:00 AM,219.0,126.0,9.0,-9.0,1030.0,41.0,7.0,2
001036,12/19/2013 2:16:00 AM,230.0,126.0,9.0,-7.0,1030.0,42.0,4.0,2
001036,12/19/2013 3:16:00 AM,250.0,128.0,9.0,0.0,1030.0,53.0,4.0,2
001036,12/19/2013 4:15:00 AM,243.0,160.0,9.0,-8.0,1030.0,42.0,7.0,2
001036,12/19/2013 5:14:00 AM,254.0,368.0,8.0,-9.0,1030.0,45.0,2.0,2
001036,12/19/2013 6:14:00 AM,218.0,137.0,7.0,0.0,1030.0,49.0,4.0,2
001036,12/19/2013 7:16:00 AM,170.0,109.0,7.0,0.0,1030.0,45.0,9.0,2
001036,12/19/2013 8:15:00 AM,124.0,82.0,7.0,-8.0,1031.0,42.0,7.0,2
001036,12/19/2013 9:24:00 AM,124.0,82.0,7.0,-8.0,1031.0,42.0,7.0,2
001036,12/19/2013 10:14:00 AM,124.0,82.0,7.0,-8.0,1031.0,42.0,7.0,2
001036,12/19/2013 11:15:00 AM,124.0,82.0,7.0,-8.0,1031.0,42.0,7.0,2
001036,12/19/2013 12:41:00 PM,124.0,82.0,7.0,-8.0,1031.0,42.0,7.0,2
001036,12/19/2013 1:15:00 PM,124.0,82.0,7.0,-8.0,1031.0,42.0,7.0,2
001036,12/19/2013 2:15:00 PM,124.0,82.0,7.0,-8.0,1031.0,42.0,7.0,2
001036,12/19/2013 3:16:00 PM,124.0,82.0,7.0,-8.0,1031.0,42.0,7.0,2
001036,12/19/2013 4:16:00 PM,124.0,82.0,7.0,-8.0,1031.0,42.0,7.0,2
001036,12/19/2013 5:21:00 PM,75.0,45.0,11.0,0.0,1030.0,20.0,4.0,2
001036,12/19/2013 6:16:00 PM,91.0,67.0,11.0,-1.0,1030.0,23.0,2.0,2
001036,12/19/2013 7:16:00 PM,101.0,73.0,12.0,-2.0,1030.0,23.0,2.0,2
001036,12/19/2013 8:15:00 PM,121.0,86.0,14.0,-4.0,1031.0,31.0,4.0,2
001036,12/19/2013 9:17:00 PM,180.0,116.0,14.0,-4.0,1032.0,31.0,4.0,2
001036,12/19/2013 10:18:00 PM,185.0,123.0,13.0,-6.0,1032.0,42.0,4.0,2
001036,12/19/2013 11:19:00 PM,188.65838320754673,106.46662377392222,-17.667084807247804,-36.10548361665072,1049.0742086849987,63.37338888400465,6.370154787663694,8
001036,12/20/2013 12:19:00 AM,191.73578596432816,195.11625709695906,33.12788705357393,-31.380986965453125,962.7548503348518,19.652287813723657,-15.245821899081687,8
001036,12/20/2013 1:15:00 AM,283.41802117214627,172.2431507865295,-5.627591545308999,13.621191188854336,986.2800130391622,74.11137715765261,22.585707322797383,8
001036,12/20/2013 2:16:00 AM,250.26267736764095,214.00530094470227,17.304551250172125,11.314733668744854,992.1320932021915,39.33953794133212,28.733645642487726,8
001036,12/20/2013 3:15:00 AM,246.74188273496242,187.37476650605618,30.62869745758754,-17.052617064058552,990.0533464970694,33.21172615579681,-7.500036137211952,8
001036,12/20/2013 4:15:00 AM,207.6568273296574,287.6619212649124,33.038977535604104,34.20204249435913,1069.6132122308425,86.93309574279603,21.37317163335609,8
001036,12/20/2013 5:15:00 AM,210.93569641634713,204.54869025281658,20.926964839764878,-3.1715713529258593,1098.1029981664194,51.50903038730828,-5.773550430432012,8
001036,12/20/2013 6:14:00 AM,206.76528376571176,167.5530553049446,35.640621017414986,-25.59970225546625,1020.2083824462649,47.08538147086875,-19.43820709128269,8
001036,12/20/2013 7:15:00 AM,242.86741523256615,117.35726818008891,34.89508855834015,18.554004920339285,1064.412655121484,56.92935538176372,-10.041769682353674,8
001036,12/20/2013 8:17:00 AM,220.7576538953339,164.1485403316897,28.823872549970158,1.6141499303330287,1005.071019837543,59.186950864610544,-6.859079752302243,8
001036,12/20/2013 9:16:00 AM,206.0,138.0,12.0,0.0,1035.0,57.0,4.0,2
001036,12/20/2013 10:15:00 AM,190.0,138.0,13.0,-3.0,1035.0,40.0,7.0,2
001036,12/20/2013 11:18:00 AM,208.0,139.0,16.0,-2.0,1035.0,34.0,7.0,2
001036,12/20/2013 12:16:00 PM,164.0,86.0,16.0,1.0,1036.0,20.0,2.0,2
001036,12/20/2013 1:16:00 PM,86.0,50.0,13.0,1.0,1035.0,20.0,7.0,2
001036,12/20/2013 2:17:00 PM,80.0,37.0,7.0,1.0,1034.0,18.0,9.0,2
001036,12/20/2013 3:16:00 PM,70.0,29.0,8.0,2.0,1034.0,17.0,4.0,2
001036,12/20/2013 4:15:00 PM,67.0,39.0,5.0,2.0,1034.0,17.0,4.0,2
001036,12/20/2013 5:15:00 PM,70.0,50.0,5.0,1.0,1034.0,18.0,4.0,2
001036,12/20/2013 6:15:00 PM,78.0,58.0,5.0,-1.0,1034.0,25.0,2.0,2
001036,12/20/2013 7:15:00 PM,137.0,103.0,14.0,-3.0,1035.0,31.0,2.0,2
001036,12/20/2013 8:15:00 PM,165.0,115.0,13.0,-4.0,1035.0,36.0,4.0,2
001036,12/20/2013 9:14:00 PM,187.0,121.0,13.0,-5.0,1036.0,43.0,4.0,2
001036,12/20/2013 10:14:00 PM,206.0,132.0,13.0,-5.0,1036.0,36.0,7.0,2
001036,12/20/2013 11:13:00 PM,215.0,146.0,15.0,-2.0,1036.0,31.0,9.0,2
001036,12/21/2013 12:13:00 AM,207.0,146.0,14.0,-4.0,1037.0,31.0,4.0,2
001036,12/21/2013 1:13:00 AM,215.0,172.0,14.0,-4.0,1037.0,31.0,2.0,2
001036,12/21/2013 2:14:00 AM,242.0,194.0,14.0,-5.0,1037.0,33.0,7.0,2
001036,12/21/2013 3:14:00 AM,246.0,169.0,12.0,-3.0,1037.0,31.0,7.0,2
001036,12/21/2013 4:14:00 AM,272.0,178.0,12.0,-4.0,1037.0,31.0,9.0,2
001036,12/21/2013 5:14:00 AM,285.0,186.0,12.0,-5.0,1037.0,33.0,7.0,2
001036,12/21/2013 6:14:00 AM,240.0,194.0,11.0,-9.0,1036.0,45.0,7.0,2
001036,12/21/2013 7:14:00 AM,177.0,143.0,11.0,-8.0,1036.0,45.0,7.0,2
001036,12/21/2013 8:15:00 AM,221.0,145.0,12.0,-8.0,1036.0,45.0,4.0,2
001036,12/21/2013 9:15:00 AM,216.0,128.0,12.0,-8.0,1037.0,53.0,9.0,2
001036,12/21/2013 10:14:00 AM,202.0,135.0,12.0,-3.0,1037.0,37.0,9.0,2
001036,12/21/2013 11:14:00 AM,223.0,138.0,14.0,-2.0,1037.0,29.0,9.0,2
001036,12/21/2013 12:13:00 PM,161.0,78.0,14.0,-2.0,1037.0,29.0,9.0,2
001036,12/21/2013 1:13:00 PM,95.0,43.0,14.0,-2.0,1037.0,29.0,9.0,2
001036,12/21/2013 2:13:00 PM,92.0,57.0,14.0,-2.0,1037.0,29.0,9.0,2
001036,12/21/2013 3:14:00 PM,170.0,105.0,13.0,2.0,1034.0,16.0,2.0,2
001036,12/21/2013 4:15:00 PM,177.0,101.0,17.0,3.0,1033.0,16.0,4.0,2
001036,12/21/2013 5:14:00 PM,215.0,124.0,21.0,2.0,1033.0,17.0,4.0,2
001036,12/21/2013 6:16:00 PM,233.0,136.0,21.0,1.0,1033.0,22.0,4.0,2
001036,12/21/2013 7:16:00 PM,251.0,155.0,20.0,0.0,1033.0,25.0,7.0,2
001036,12/21/2013 8:15:00 PM,347.0,278.0,21.0,-1.0,1033.0,32.0,4.0,2
001036,12/21/2013 9:14:00 PM,362.0,227.0,20.0,-2.0,1034.0,34.0,4.0,2
001036,12/21/2013 10:15:00 PM,321.0,199.0,19.0,-2.0,1034.0,37.0,2.0,2
001036,12/21/2013 11:13:00 PM,340.0,231.0,22.0,-5.0,1034.0,46.0,2.0,2
001036,12/22/2013 12:14:00 AM,319.0,202.0,20.0,-5.0,1034.0,43.0,4.0,2
001036,12/22/2013 1:14:00 AM,404.0,366.0,19.0,-8.0,1034.0,58.0,2.0,2
001036,12/22/2013 3:14:00 AM,291.0,196.0,19.0,-7.0,1034.0,58.0,4.0,2
001036,12/22/2013 4:13:00 AM,335.0,295.0,18.0,-7.0,1034.0,54.0,4.0,2
001036,12/22/2013 5:14:00 AM,340.0,287.0,18.0,-9.0,1034.0,58.0,2.0,2
001036,12/22/2013 6:14:00 AM,329.0,254.0,16.0,-9.0,1033.0,58.0,4.0,2
001036,12/22/2013 7:13:00 AM,304.0,189.0,15.0,-8.0,1033.0,53.0,4.0,2
001036,12/22/2013 8:14:00 AM,313.0,195.0,14.0,-8.0,1033.0,53.0,4.0,2
001036,12/22/2013 9:15:00 AM,317.0,196.0,14.0,-8.0,1033.0,53.0,4.0,2
001036,12/22/2013 10:15:00 AM,353.0,270.0,13.0,-8.0,1034.0,53.0,7.0,2
001036,12/22/2013 11:15:00 AM,337.0,197.0,15.0,-4.0,1034.0,46.0,2.0,2
001036,12/22/2013 12:14:00 PM,295.0,151.0,15.0,-2.0,1034.0,37.0,2.0,2
001036,12/22/2013 1:14:00 PM,242.0,136.0,13.0,0.0,1032.0,32.0,2.0,2
001036,12/22/2013 2:14:00 PM,245.0,125.0,13.0,1.0,1031.0,25.0,2.0,2
001036,12/22/2013 3:14:00 PM,230.0,122.0,15.0,2.0,1030.0,24.0,4.0,2
001036,12/22/2013 4:13:00 PM,319.0,208.0,15.0,1.0,1030.0,25.0,4.0,2
001036,12/22/2013 5:14:00 PM,334.0,225.0,23.0,0.0,1030.0,30.0,4.0,2
001036,12/22/2013 6:14:00 PM,386.0,328.0,23.0,0.0,1030.0,27.0,2.0,2
001036,12/22/2013 7:13:00 PM,382.0,317.0,23.0,-3.0,1031.0,47.0,2.0,2
001036,12/22/2013 8:14:00 PM,408.0,372.0,28.0,-4.0,1031.0,54.0,2.0,2
001036,12/22/2013 9:15:00 PM,492.0,500.0,28.0,-3.0,1031.0,51.0,2.0,2
001036,12/22/2013 11:15:00 PM,422.0,463.0,27.0,-7.0,1031.0,63.0,4.0,2
001036,12/23/2013 12:36:00 AM,385.0,330.0,25.0,-9.0,1031.0,68.0,2.0,2
001036,12/23/2013 1:14:00 AM,385.0,330.0,25.0,-8.0,1031.0,63.0,2.0,2
001036,12/23/2013 2:15:00 AM,416.0,361.0,22.0,-8.0,1031.0,68.0,7.0,2
001036,12/23/2013 3:14:00 AM,424.0,398.0,22.0,-8.0,1031.0,58.0,4.0,2
001036,12/23/2013 4:14:00 AM,404.0,327.0,21.0,-9.0,1031.0,62.0,4.0,2
001036,12/23/2013 5:14:00 AM,386.0,500.0,21.0,-9.0,1031.0,58.0,7.0,2
001036,12/23/2013 6:14:00 AM,352.0,315.0,21.0,-7.0,1031.0,58.0,7.0,2
001036,12/23/2013 7:15:00 AM,342.0,221.0,20.0,-7.0,1031.0,54.0,9.0,2
001036,12/23/2013 8:15:00 AM,356.0,252.0,20.0,-9.0,1031.0,58.0,9.0,2
001036,12/23/2013 9:17:00 AM,363.0,235.0,18.0,-6.0,1031.0,50.0,9.0,2
001036,12/23/2013 10:16:00 AM,356.0,260.0,20.0,-2.0,1032.0,43.0,7.0,2
001036,12/23/2013 11:17:00 AM,363.0,270.0,17.0,2.0,1033.0,26.0,7.0,2
001036,12/23/2013 12:15:00 PM,351.0,168.0,20.0,3.0,1032.0,22.0,11.0,2
001036,12/23/2013 1:16:00 PM,4.0,167.0,20.0,4.0,1032.0,21.0,11.0,2
001036,12/23/2013 2:17:00 PM,135.0,171.0,17.0,5.0,1031.0,19.0,9.0,2
001036,12/23/2013 3:16:00 PM,184.0,137.0,18.0,6.0,1031.0,16.0,7.0,2
001036,12/23/2013 4:15:00 PM,204.0,136.0,14.0,6.0,1031.0,16.0,7.0,2
001036,12/23/2013 5:14:00 PM,206.0,134.0,15.0,5.0,1031.0,16.0,4.0,2
001036,12/23/2013 6:15:00 PM,201.0,131.0,20.0,1.0,1032.0,23.0,4.0,2
001036,12/23/2013 7:15:00 PM,208.0,131.0,23.0,1.0,1032.0,25.0,4.0,2
001036,12/23/2013 8:14:00 PM,238.0,165.0,23.0,1.0,1033.0,28.0,4.0,2
001036,12/23/2013 9:14:00 PM,317.0,270.0,24.0,-2.0,1034.0,40.0,2.0,2
001036,12/23/2013 11:14:00 PM,341.0,338.0,19.0,-4.0,1035.0,50.0,2.0,2
001036,12/24/2013 12:14:00 AM,293.0,303.0,23.0,-5.0,1035.0,54.0,2.0,2
001036,12/24/2013 1:14:00 AM,290.0,225.0,20.0,-6.0,1036.0,58.0,2.0,2
001036,12/24/2013 2:13:00 AM,297.0,227.0,18.0,-6.0,1036.0,54.0,2.0,2
001036,12/24/2013 3:14:00 AM,282.0,186.0,18.0,-9.0,1036.0,62.0,2.0,2
001036,12/24/2013 4:14:00 AM,262.0,176.0,18.0,-7.0,1036.0,63.0,2.0,2
001036,12/24/2013 7:17:00 AM,304.0,366.0,16.0,-9.0,1035.0,68.0,4.0,2
001036,12/24/2013 8:15:00 AM,256.0,186.0,18.0,-9.0,1036.0,68.0,2.0,2
001036,12/24/2013 9:17:00 AM,274.0,217.0,18.0,-9.0,1036.0,73.0,4.0,2
001036,12/24/2013 11:16:00 AM,346.0,260.0,18.0,-5.0,1036.0,59.0,2.0,2
001036,12/24/2013 12:15:00 PM,267.0,161.0,19.0,-1.0,1036.0,47.0,2.0,5
001036,12/24/2013 1:17:00 PM,303.0,192.0,20.0,0.0,1035.0,48.0,2.0,5
001036,12/24/2013 2:16:00 PM,343.0,257.0,22.0,0.0,1034.0,44.0,2.0,5
001036,12/24/2013 3:15:00 PM,373.0,338.0,30.0,1.0,1033.0,44.0,2.0,5
001036,12/24/2013 4:15:00 PM,400.0,378.0,30.0,1.0,1032.0,44.0,2.0,5
001036,12/24/2013 5:16:00 PM,328.0,214.0,28.0,0.0,1032.0,44.0,2.0,5
001036,12/24/2013 6:14:00 PM,279.0,168.0,30.0,-2.0,1031.0,55.0,2.0,2
001036,12/24/2013 7:15:00 PM,283.0,171.0,29.0,-4.0,1032.0,64.0,4.0,2
001036,12/24/2013 8:15:00 PM,297.0,183.0,33.0,-4.0,1032.0,64.0,2.0,2
001036,12/24/2013 9:15:00 PM,313.0,208.0,34.0,-4.0,1032.0,64.0,4.0,2
001036,12/24/2013 10:14:00 PM,372.0,337.0,34.0,-4.0,1032.0,64.0,2.0,2
001036,12/24/2013 11:15:00 PM,404.0,382.0,31.0,-5.0,1031.0,68.0,2.0,2
001036,12/25/2013 1:14:00 AM,409.43541166732865,450.22002816613747,26.5100840994864,-9.523451420381829,1023.8377038999702,43.12875982163801,3.5822743410725373,8
001036,12/25/2013 2:19:00 AM,448.8044540125037,519.1773937743168,53.71338445565267,5.275987755118358,1020.609898045095,84.28976272331245,-17.788231137457522,8
001036,12/25/2013 3:14:00 AM,420.65858361614437,517.0694283838903,72.73430609608236,7.836413471542103,1023.3380297118381,52.05574158734174,-0.5719410429067171,8
001036,12/25/2013 4:14:00 AM,425.4821184971934,469.3894558637587,41.17476121966689,17.989939393234,1092.4092573534608,96.49142105883459,-13.773451270527886,8
001036,12/25/2013 5:14:00 AM,396.7860679613601,480.0079823711968,37.538720826502924,-8.954336479881777,975.8642057133077,102.19005389721075,4.525428435746511,8
001036,12/25/2013 6:14:00 AM,349.02438560205917,363.4027241054337,39.751526321689695,6.100356598262135,1059.232422548849,84.01499284758859,12.761261622119694,8
001036,12/25/2013 7:16:00 AM,293.7111057805912,230.78695754882557,48.71338369331912,-1.564391922356874,1084.3528390364113,47.592789228526755,45.88252610118713,8
001036,12/25/2013 8:15:00 AM,318.5930927377964,269.47305871529335,29.194857871888203,-23.09913625378239,1009.1459734951953,64.13354525618769,-3.5977398702989527,8
001036,12/25/2013 9:16:00 AM,329.31691394353754,251.01887222127039,36.016471473749945,-7.305634919873556,967.6003251424244,67.06208665046778,-38.73773512364558,8
001036,12/25/2013 10:15:00 AM,355.0,326.0,40.0,-6.0,1029.0,74.0,9.0,2
001036,12/25/2013 11:15:00 AM,360.0,360.0,44.0,-4.0,1029.0,69.0,9.0,2
001036,12/25/2013 12:15:00 PM,396.0,356.0,44.0,-1.0,1028.0,55.0,7.0,5
001036,12/25/2013 1:15:00 PM,371.0,346.0,49.0,2.0,1026.0,38.0,7.0,5
001036,12/25/2013 2:17:00 PM,324.0,238.0,53.0,5.0,1025.0,29.0,9.0,5
001036,12/25/2013 3:15:00 PM,353.0,274.0,53.0,7.0,1024.0,18.0,13.0,5
001036,12/25/2013 4:15:00 PM,361.0,277.0,55.0,6.0,1024.0,21.0,9.0,5
001036,12/25/2013 5:17:00 PM,373.0,307.0,55.0,6.0,1025.0,15.0,18.0,5
001036,12/25/2013 6:15:00 PM,374.0,307.0,55.0,5.0,1025.0,15.0,18.0,2
001036,12/25/2013 7:14:00 PM,337.0,271.0,50.0,2.0,1028.0,14.0,16.0,2
001036,12/25/2013 8:14:00 PM,65.0,125.0,9.0,1.0,1030.0,15.0,18.0,2
001036,12/25/2013 9:16:00 PM,25.0,211.0,6.0,-1.0,1031.0,18.0,34.0,2
001036,12/25/2013 10:27:00 PM,17.0,22.0,4.0,-2.0,1031.0,19.0,31.0,2
001036,12/25/2013 11:16:00 PM,17.0,22.0,4.0,-3.0,1031.0,21.0,36.0,2
001036,12/26/2013 12:33:00 AM,10.0,7.0,3.0,-3.0,1032.0,21.0,25.0,2
001036,12/26/2013 1:14:00 AM,10.0,7.0,3.0,-3.0,1032.0,21.0,25.0,2
001036,12/26/2013 2:14:00 AM,8.0,6.0,3.0,-4.0,1032.0,24.0,22.0,2
001036,12/26/2013 3:14:00 AM,10.0,6.0,3.0,-4.0,1032.0,26.0,22.0,2
001036,12/26/2013 4:14:00 AM,8.0,6.0,2.0,-4.0,1033.0,24.0,22.0,2
001036,12/26/2013 5:14:00 AM,10.0,6.0,2.0,-5.0,1034.0,26.0,18.0,2
001036,12/26/2013 6:15:00 AM,8.0,6.0,2.0,-5.0,1034.0,26.0,18.0,2
001036,12/26/2013 7:15:00 AM,11.0,6.0,3.0,-5.0,1034.0,24.0,20.0,2
001036,12/26/2013 8:18:00 AM,7.0,6.0,3.0,-5.0,1035.0,24.0,18.0,2
001036,12/26/2013 9:17:00 AM,5.0,6.0,5.0,-5.0,1036.0,24.0,18.0,2
001036,12/26/2013 10:16:00 AM,5.0,6.0,9.0,-3.0,1036.0,21.0,16.0,2
001036,12/26/2013 11:16:00 AM,27.0,32.0,9.0,-2.0,1036.0,19.0,20.0,2
001036,12/26/2013 12:18:00 PM,41.0,14.0,3.0,-1.0,1036.0,18.0,20.0,2
001036,12/26/2013 1:20:00 PM,24.0,7.0,3.0,1.0,1035.0,12.0,25.0,2
001036,12/26/2013 2:19:00 PM,35.0,9.0,2.0,2.0,1034.0,11.0,20.0,2
001036,12/26/2013 3:17:00 PM,32.0,6.0,1.0,2.0,1033.0,11.0,25.0,2
001036,12/26/2013 4:18:00 PM,24.0,6.0,1.0,2.0,1033.0,11.0,22.0,2
001036,12/26/2013 5:19:00 PM,22.0,6.0,2.0,2.0,1033.0,12.0,22.0,2
001036,12/26/2013 6:17:00 PM,5.0,6.0,2.0,1.0,1034.0,13.0,18.0,2
001036,12/26/2013 7:22:00 PM,34.0,21.0,3.0,0.0,1034.0,14.0,22.0,2
001036,12/26/2013 8:19:00 PM,70.0,61.0,11.0,0.0,1034.0,13.0,22.0,2
001036,12/26/2013 9:15:00 PM,113.0,82.0,11.0,0.0,1034.0,17.0,22.0,2
001036,12/26/2013 10:15:00 PM,123.0,80.0,11.0,-1.0,1034.0,18.0,20.0,2
001036,12/26/2013 11:15:00 PM,128.0,89.0,15.0,-1.0,1034.0,18.0,16.0,2
001036,12/27/2013 12:14:00 AM,145.0,106.0,19.0,-4.0,1034.0,22.0,11.0,2
001036,12/27/2013 1:14:00 AM,158.0,151.0,17.0,-4.0,1034.0,22.0,9.0,2
001036,12/27/2013 2:14:00 AM,182.0,147.0,14.0,-3.0,1034.0,21.0,11.0,2
001036,12/27/2013 3:15:00 AM,214.0,142.0,13.0,-3.0,1034.0,21.0,13.0,2
001036,12/27/2013 4:14:00 AM,221.0,155.0,5.0,-2.0,1034.0,19.0,13.0,2
001036,12/27/2013 5:15:00 AM,195.0,132.0,8.0,-3.0,1033.0,21.0,13.0,2
001036,12/27/2013 6:15:00 AM,168.0,119.0,8.0,-3.0,1033.0,21.0,13.0,2
001036,12/27/2013 7:16:00 AM,162.0,104.0,12.0,-4.0,1033.0,24.0,11.0,2
001036,12/27/2013 8:16:00 AM,182.0,108.0,14.0,-4.0,1033.0,24.0,13.0,2
001036,12/27/2013 9:15:00 AM,171.0,103.0,14.0,-4.0,1033.0,26.0,16.0,2
001036,12/27/2013 10:15:00 AM,190.0,114.0,13.0,-2.0,1033.0,21.0,13.0,2
001036,12/27/2013 11:17:00 AM,212.0,126.0,18.0,-2.0,1033.0,21.0,11.0,2
001036,12/27/2013 12:21:00 PM,299.0,175.0,18.0,-1.0,1032.0,21.0,13.0,1
001036,12/27/2013 1:16:00 PM,265.0,152.0,18.0,0.0,1030.0,20.0,13.0,1
001036,12/27/2013 2:22:00 PM,190.0,98.0,12.0,0.0,1029.0,15.0,11.0,1
001036,12/27/2013 3:40:00 PM,65.0,29.0,9.0,1.0,1028.0,14.0,11.0,1
001036,12/27/2013 4:38:00 PM,68.0,42.0,9.0,1.0,1027.0,15.0,7.0,1
001036,12/27/2013 5:22:00 PM,68.0,42.0,11.0,1.0,1027.0,15.0,4.0,1
001036,12/27/2013 6:14:00 PM,57.0,35.0,11.0,0.0,1027.0,17.0,4.0,2
001036,12/27/2013 7:18:00 PM,58.0,51.0,14.0,-2.0,1027.0,27.0,4.0,2
001036,12/27/2013 8:18:00 PM,78.0,88.0,19.0,-2.0,1027.0,25.0,2.0,2
001036,12/27/2013 9:18:00 PM,96.0,90.0,23.0,-3.0,1027.0,29.0,2.0,2
001036,12/28/2013 12:19:00 PM,30.0,13.0,24.0,-1.0,1028.0,18.0,22.0,2
001036,12/28/2013 1:17:00 PM,42.0,29.0,7.0,0.0,1028.0,17.0,16.0,2
001036,12/28/2013 2:16:00 PM,31.0,16.0,6.0,1.0,1026.0,11.0,20.0,2
001036,12/28/2013 3:18:00 PM,30.0,19.0,6.0,1.0,1026.0,11.0,18.0,2
001036,12/28/2013 4:17:00 PM,32.0,18.0,6.0,2.0,1025.0,10.0,16.0,2
001036,12/28/2013 5:17:00 PM,35.0,22.0,8.0,2.0,1025.0,11.0,13.0,2
001036,12/28/2013 6:16:00 PM,30.0,32.0,10.0,1.0,1025.0,12.0,16.0,2
001036,12/28/2013 7:16:00 PM,40.0,52.0,10.0,1.0,1024.0,11.0,11.0,2
001036,12/28/2013 8:15:00 PM,68.0,86.0,20.0,0.0,1024.0,13.0,9.0,2
001036,12/28/2013 9:15:00 PM,73.0,89.0,8.0,0.0,1024.0,13.0,7.0,2
001036,12/28/2013 10:16:00 PM,72.0,75.0,8.0,0.0,1024.0,13.0,11.0,2
001036,12/28/2013 11:15:00 PM,78.0,78.0,8.0,0.0,1024.0,13.0,7.0,2
001036,12/29/2013 12:15:00 AM,102.0,113.0,8.0,1.0,1024.0,12.0,7.0,2
001036,12/29/2013 1:15:00 AM,205.0,166.0,9.0,-4.0,1024.0,26.0,4.0,2
001036,12/29/2013 2:16:00 AM,165.0,129.0,8.0,0.0,1023.0,15.0,13.0,2
001036,12/29/2013 3:16:00 AM,157.0,123.0,8.0,-1.0,1023.0,16.0,9.0,2
001036,12/29/2013 4:15:00 AM,141.0,115.0,8.0,0.0,1022.0,15.0,16.0,2
001036,12/29/2013 5:15:00 AM,160.0,119.0,7.0,0.0,1022.0,15.0,16.0,2
001036,12/29/2013 6:15:00 AM,167.0,124.0,7.0,-1.0,1021.0,16.0,9.0,2
001036,12/29/2013 7:15:00 AM,184.0,134.0,7.0,-1.0,1021.0,16.0,11.0,2
001036,12/29/2013 8:16:00 AM,187.0,139.0,9.0,-4.0,1021.0,22.0,2.0,2
001036,12/29/2013 9:16:00 AM,190.0,155.0,9.0,-7.0,1021.0,30.0,2.0,2
001036,12/29/2013 10:16:00 AM,234.0,163.0,9.0,-6.0,1021.0,33.0,4.0,2
001036,12/29/2013 11:17:00 AM,229.0,165.0,9.0,-1.0,1021.0,23.0,2.0,2
001036,12/29/2013 12:16:00 PM,206.0,128.0,11.0,4.0,1020.0,12.0,2.0,2
001036,12/29/2013 1:18:00 PM,165.0,107.0,11.0,5.0,1019.0,11.0,4.0,2
001036,12/29/2013 2:14:00 PM,82.0,42.0,12.0,6.0,1016.0,9.0,9.0,2
001036,12/29/2013 3:17:00 PM,65.0,40.0,10.0,7.0,1016.0,9.0,11.0,2
001036,12/29/2013 4:14:00 PM,97.0,73.0,5.0,7.0,1016.0,9.0,11.0,2
001036,12/29/2013 5:15:00 PM,97.0,75.0,5.0,6.0,1016.0,9.0,9.0,2
001036,12/29/2013 6:14:00 PM,90.0,73.0,9.0,4.0,1016.0,11.0,7.0,2
001036,12/29/2013 7:15:00 PM,95.0,79.0,13.0,2.0,1016.0,13.0,4.0,2
001036,12/29/2013 8:18:00 PM,130.0,128.0,13.0,4.0,1017.0,12.0,7.0,2
001036,12/29/2013 9:16:00 PM,204.0,145.0,13.0,1.0,1017.0,15.0,4.0,2
001036,12/29/2013 10:15:00 PM,172.0,131.0,14.0,1.0,1017.0,17.0,2.0,2
001036,12/29/2013 11:15:00 PM,164.0,140.0,14.0,1.0,1017.0,18.0,4.0,2
001036,12/30/2013 1:14:00 AM,206.0,163.0,12.0,3.0,1017.0,13.0,11.0,2
001036,12/30/2013 2:14:00 AM,280.0,183.0,11.0,2.0,1017.0,16.0,9.0,2
001036,12/30/2013 3:15:00 AM,304.0,194.0,11.0,3.0,1017.0,13.0,13.0,2
001036,12/30/2013 4:14:00 AM,289.0,186.0,11.0,3.0,1017.0,12.0,18.0,2
001036,12/30/2013 5:15:00 AM,263.0,170.0,10.0,1.0,1016.0,14.0,9.0,2
001036,12/30/2013 6:14:00 AM,251.0,166.0,10.0,1.0,1016.0,14.0,9.0,2
001036,12/30/2013 7:14:00 AM,252.0,164.0,10.0,0.0,1016.0,15.0,4.0,2
001036,12/30/2013 8:16:00 AM,223.0,137.0,12.0,3.0,1016.0,13.0,16.0,2
001036,12/30/2013 9:17:00 AM,227.0,145.0,14.0,3.0,1016.0,13.0,18.0,2
001036,12/30/2013 10:17:00 AM,252.0,179.0,14.0,4.0,1017.0,12.0,16.0,2
001036,12/30/2013 11:17:00 AM,251.0,176.0,14.0,5.0,1017.0,13.0,20.0,2
001036,12/30/2013 12:15:00 PM,223.0,154.0,16.0,6.0,1017.0,11.0,22.0,2
001036,12/30/2013 1:16:00 PM,188.0,119.0,17.0,6.0,1016.0,12.0,20.0,2
001036,12/30/2013 2:15:00 PM,123.0,88.0,9.0,7.0,1015.0,11.0,22.0,2
001036,12/30/2013 3:18:00 PM,70.0,65.0,9.0,7.0,1015.0,11.0,18.0,2
001036,12/30/2013 4:18:00 PM,62.0,59.0,6.0,8.0,1015.0,10.0,18.0,2
001036,12/30/2013 5:18:00 PM,56.0,60.0,7.0,7.0,1014.0,10.0,18.0,2
001036,12/30/2013 6:20:00 PM,75.0,64.0,7.0,6.0,1015.0,12.0,13.0,2
001036,12/30/2013 7:15:00 PM,74.0,63.0,7.0,6.0,1015.0,12.0,13.0,2
001036,12/30/2013 8:15:00 PM,172.0,144.0,14.0,5.0,1015.0,13.0,9.0,2
001036,12/30/2013 9:15:00 PM,253.0,188.0,14.0,5.0,1015.0,14.0,7.0,2
001036,12/30/2013 10:15:00 PM,284.0,172.0,14.0,3.0,1015.0,17.0,4.0,2
001036,12/30/2013 11:15:00 PM,342.0,200.0,14.0,3.0,1014.0,17.0,7.0,2
001036,12/31/2013 12:15:00 AM,336.0,212.0,15.0,4.0,1014.0,15.0,4.0,2
001036,12/31/2013 1:15:00 AM,370.0,351.0,13.0,3.0,1014.0,17.0,4.0,2
001036,12/31/2013 2:14:00 AM,341.0,312.0,11.0,-3.0,1013.0,37.0,2.0,2
001036,12/31/2013 3:15:00 AM,331.0,306.0,10.0,-3.0,1012.0,34.0,7.0,2
001036,12/31/2013 4:14:00 AM,322.0,232.0,9.0,-3.0,1012.0,34.0,2.0,2
001036,12/31/2013 5:15:00 AM,318.0,192.0,9.0,-2.0,1011.0,34.0,4.0,2
001036,12/31/2013 6:14:00 AM,274.0,198.0,9.0,-5.0,1011.0,46.0,4.0,2
001036,12/31/2013 7:15:00 AM,270.0,212.0,9.0,2.0,1010.0,20.0,7.0,2
001036,12/31/2013 8:16:00 AM,269.0,198.0,9.0,5.0,1011.0,15.0,16.0,2
001036,12/31/2013 9:16:00 AM,272.0,174.0,10.0,5.0,1012.0,16.0,16.0,2
001036,12/31/2013 10:16:00 AM,247.0,222.0,10.0,6.0,1013.0,15.0,22.0,2
001036,12/31/2013 11:17:00 AM,216.0,176.0,11.0,6.0,1013.0,15.0,22.0,2
001036,12/31/2013 12:15:00 PM,140.0,143.0,9.0,7.0,1013.0,15.0,22.0,2
001036,12/31/2013 1:17:00 PM,118.0,119.0,5.0,9.0,1012.0,13.0,25.0,2
001036,12/31/2013 2:16:00 PM,97.0,118.0,6.0,9.0,1011.0,13.0,18.0,2
001036,12/31/2013 3:16:00 PM,40.0,61.0,4.0,9.0,1011.0,12.0,18.0,2
001036,12/31/2013 4:15:00 PM,24.0,57.0,4.0,9.0,1012.0,12.0,25.0,2
001036,12/31/2013 5:14:00 PM,28.0,65.0,4.0,9.0,1012.0,13.0,25.0,2
001036,12/31/2013 6:16:00 PM,44.0,82.0,3.0,8.0,1012.0,13.0,22.0,2
001036,12/31/2013 7:15:00 PM,86.0,109.0,6.0,8.0,1013.0,13.0,16.0,2
001036,12/31/2013 8:14:00 PM,87.0,127.0,10.0,7.0,1013.0,14.0,11.0,2
001036,12/31/2013 9:16:00 PM,122.0,192.0,12.0,7.0,1014.0,12.0,11.0,2
001036,12/31/2013 9:44:00 PM,208.0,433.0,13.0,7.0,1014.0,12.0,9.0,2
001036,12/31/2013 10:16:00 PM,208.0,433.0,13.0,7.0,1014.0,12.0,9.0,2
001036,12/31/2013 11:16:00 PM,212.0,398.0,14.0,6.0,1014.0,13.0,11.0,2
001036,1/1/2014 12:15:00 AM,192.0,218.0,11.0,7.0,1014.0,13.0,16.0,2
001036,1/1/2014 1:15:00 AM,180.0,186.0,11.0,7.0,1014.0,13.0,13.0,2
001036,1/1/2014 2:15:00 AM,231.0,198.0,9.0,7.0,1013.0,13.0,9.0,2
001036,1/1/2014 3:14:00 AM,285.0,232.0,9.0,4.0,1013.0,16.0,7.0,2
001036,1/1/2014 4:14:00 AM,274.0,245.0,9.0,6.0,1013.0,14.0,4.0,2
001036,1/1/2014 5:14:00 AM,222.0,177.0,9.0,5.0,1012.0,16.0,4.0,2
001036,1/1/2014 6:15:00 AM,225.0,193.0,7.0,3.0,1012.0,20.0,7.0,2
001036,1/1/2014 7:15:00 AM,225.0,184.0,7.0,5.0,1012.0,16.0,7.0,2
001036,1/1/2014 8:16:00 AM,195.0,160.0,7.0,6.0,1013.0,15.0,13.0,2
001036,1/1/2014 9:16:00 AM,188.0,153.0,9.0,6.0,1013.0,16.0,13.0,2
001036,1/1/2014 10:15:00 AM,184.0,167.0,9.0,7.0,1014.0,15.0,11.0,2
001036,1/1/2014 11:18:00 AM,203.0,177.0,19.0,8.0,1015.0,14.0,13.0,2
001036,1/1/2014 12:16:00 PM,192.0,148.0,20.0,9.0,1015.0,13.0,13.0,2
001036,1/1/2014 1:17:00 PM,105.0,93.0,19.0,10.0,1015.0,14.0,20.0,2
001036,1/1/2014 2:18:00 PM,86.0,84.0,13.0,11.0,1014.0,12.0,16.0,2
001036,1/1/2014 3:18:00 PM,71.0,75.0,13.0,11.0,1014.0,13.0,18.0,2
001036,1/1/2014 4:19:00 PM,65.0,72.0,9.0,11.0,1014.0,13.0,18.0,2
001036,1/1/2014 5:19:00 PM,72.0,76.0,11.0,11.0,1014.0,13.0,16.0,2
001036,1/1/2014 6:17:00 PM,67.0,68.0,11.0,10.0,1015.0,15.0,11.0,2
001036,1/1/2014 7:16:00 PM,68.0,74.0,18.0,9.0,1015.0,16.0,7.0,2
001036,1/1/2014 8:16:00 PM,210.0,240.0,18.0,9.0,1016.0,16.0,4.0,2
001036,1/1/2014 9:18:00 PM,270.0,376.0,32.0,3.0,1017.0,28.0,2.0,2
001036,1/1/2014 10:17:00 PM,269.0,338.0,32.0,0.0,1017.0,35.0,4.0,2
001036,1/1/2014 11:17:00 PM,257.0,251.0,31.0,-1.0,1018.0,44.0,2.0,2
001036,1/2/2014 12:16:00 AM,289.0,198.0,24.0,0.0,1019.0,41.0,4.0,2
001036,1/2/2014 12:53:00 AM,361.0,418.0,23.0,-1.0,1019.0,44.0,2.0,2
001036,1/2/2014 1:14:00 AM,361.0,418.0,23.0,-1.0,1019.0,44.0,2.0,2
001036,1/2/2014 2:16:00 AM,343.0,406.0,20.0,-4.0,1019.0,54.0,2.0,2
001036,1/2/2014 3:17:00 AM,345.0,357.0,18.0,-4.0,1019.0,50.0,4.0,2
001036,1/2/2014 4:15:00 AM,343.0,346.0,18.0,-4.0,1019.0,54.0,2.0,2
001036,1/2/2014 5:14:00 AM,359.0,313.0,17.0,-5.0,1020.0,59.0,2.0,2
001036,1/2/2014 6:15:00 AM,329.0,355.0,17.0,-2.0,1020.0,55.0,4.0,2
001036,1/2/2014 7:16:00 AM,255.0,191.0,18.0,-2.0,1020.0,69.0,4.0,2
001036,1/2/2014 8:16:00 AM,258.0,187.0,18.0,-2.0,1020.0,64.0,2.0,2
001036,1/2/2014 9:15:00 AM,177.0,125.0,25.0,-5.0,1021.0,74.0,7.0,2
001036,1/2/2014 10:14:00 AM,145.0,142.0,25.0,-5.0,1021.0,74.0,7.0,2
001036,1/2/2014 11:15:00 AM,180.0,150.0,25.0,-5.0,1021.0,74.0,7.0,2
001036,1/2/2014 12:15:00 PM,142.0,125.0,25.0,-5.0,1021.0,74.0,7.0,2
001036,1/2/2014 1:14:00 PM,165.0,120.0,25.0,-5.0,1021.0,74.0,7.0,2
001036,1/2/2014 2:37:00 PM,4.0,122.0,25.0,-5.0,1021.0,74.0,7.0,2
001036,1/18/2014 3:07:00 PM,208.0,62.0,48.0,4.0,1026.0,29.0,17.28,2
001036,1/18/2014 4:08:00 PM,181.0,55.0,45.0,3.0,1026.0,28.0,10.8,2
001036,1/18/2014 5:07:00 PM,108.0,6.0,39.0,3.0,1026.0,31.0,10.44,2
001036,1/18/2014 6:09:00 PM,116.0,33.0,39.0,1.0,1026.0,37.0,6.48,2
001036,1/18/2014 7:07:00 PM,141.0,52.0,38.0,0.0,1026.0,46.0,3.96,2
001036,1/18/2014 8:09:00 PM,188.0,75.0,44.0,-2.0,1025.0,54.0,3.24,2
001036,1/18/2014 9:07:00 PM,242.0,127.0,51.0,-2.0,1026.0,50.0,3.6,2
001036,1/18/2014 10:08:00 PM,400.0,245.0,52.0,0.0,1025.0,40.0,10.08,2
001036,1/18/2014 11:08:00 PM,396.0,202.0,48.0,-1.0,1025.0,43.0,6.84,2
001036,1/19/2014 12:10:00 AM,378.0,201.0,53.0,-2.0,1024.0,49.0,4.68,2
001036,1/19/2014 1:07:00 AM,364.0,237.0,52.0,-4.0,1023.0,53.0,4.32,2
001036,1/19/2014 2:08:00 AM,355.0,241.0,55.0,-4.0,1024.0,58.0,5.76,2
001036,1/19/2014 3:06:00 AM,322.0,171.0,47.0,-4.0,1023.0,59.0,4.32,2
001036,1/19/2014 4:08:00 AM,287.0,145.0,46.0,-4.0,1021.0,66.0,5.04,2
001036,1/19/2014 6:08:00 AM,205.0,81.0,44.0,-4.0,1020.0,70.0,5.4,2
001036,1/19/2014 7:06:00 AM,204.0,90.0,48.0,-3.0,1020.0,70.0,7.56,2
001036,1/19/2014 8:08:00 AM,192.0,86.0,49.0,-4.0,1019.0,75.0,4.32,2
001036,1/19/2014 9:06:00 AM,171.0,72.0,47.0,-2.0,1020.0,70.0,9.36,2
001036,1/19/2014 10:08:00 AM,175.0,82.0,47.0,-2.0,1019.0,70.0,7.92,2
001036,1/19/2014 11:06:00 AM,192.0,92.0,47.0,-1.0,1019.0,69.0,10.44,2
001036,1/19/2014 12:08:00 PM,205.0,92.0,48.0,0.0,1018.0,64.0,7.2,3
001036,1/19/2014 1:06:00 PM,217.0,101.0,50.0,1.0,1016.0,55.0,3.6,3
001036,1/19/2014 2:08:00 PM,198.0,81.0,48.0,3.0,1015.0,48.0,3.24,3
001036,1/19/2014 3:06:00 PM,209.0,89.0,50.0,3.0,1015.0,48.0,5.76,3
001036,1/19/2014 4:08:00 PM,235.0,107.0,55.0,2.0,1015.0,50.0,8.28,3
001036,1/19/2014 5:06:00 PM,233.0,121.0,57.0,2.0,1016.0,53.0,14.04,3
001036,1/19/2014 6:08:00 PM,250.0,136.0,61.0,1.0,1017.0,54.0,4.68,2
001036,1/19/2014 7:06:00 PM,271.0,147.0,64.0,-1.0,1018.0,60.0,5.76,2
001036,1/19/2014 8:08:00 PM,296.0,161.0,62.0,3.0,1019.0,21.0,40.32,2
001036,1/19/2014 9:07:00 PM,306.0,172.0,60.0,3.0,1020.0,23.0,18.72,2
001036,1/19/2014 10:10:00 PM,311.4222537438502,185.2800205633333,49.538502983086936,10.684195015786344,999.0052138893736,47.46606430739196,-3.081612959172954,8
001036,1/19/2014 11:07:00 PM,93.68797484028879,88.67026411309322,14.649642747986773,7.578148369536672,975.0928527330268,41.54648651305304,17.063103786527662,8
001036,1/20/2014 12:09:00 AM,36.66418568595624,127.37672424161066,-10.731634468922536,1.5361792632566442,999.941511014569,26.535808692758266,22.132921355259015,8
001036,1/20/2014 1:06:00 AM,31.029057981246552,62.85382050081917,14.133477654054104,-13.281351675470761,1024.7987088117543,1.4948875076283912,39.40790245726092,8
001036,1/20/2014 2:08:00 AM,37.03066243135777,68.16379708515386,27.605598371396212,24.874519977315373,1047.632847907171,40.13933046087435,-10.068280330487443,8
001036,1/20/2014 3:06:00 AM,-1.8423630655204644,51.86443716859435,15.127817946693593,7.029335145197294,1014.9500825100656,45.324649094411996,0.3404533562411629,8
001036,1/20/2014 4:08:00 AM,29.146805032087173,-30.35610743683371,36.39990007430487,-2.239744493082526,1051.8551105702913,11.710380202054424,14.67851530737989,8
001036,1/20/2014 5:06:00 AM,1.4087117484764011,0.18919953774759612,36.97695846540903,-9.759158232791611,999.0534314867236,29.98992461485704,5.767604978727164,8
001036,1/20/2014 6:08:00 AM,28.729826129892807,8.62707762024542,33.052674867430326,-43.15246714576033,970.8374240412608,-0.8677194805336264,9.738733463888625,8
001036,1/20/2014 7:06:00 AM,-51.87547768758728,7.276599860720723,13.792273158840635,6.854388602346132,1082.3534562777693,13.845327801416706,22.95676442747783,8
001036,1/20/2014 8:08:00 AM,31.29874885414289,24.772028388472837,0.5194418328589414,-14.983744527964852,1039.6282224881656,5.668047840335035,29.011163109343112,8
001036,1/20/2014 9:06:00 AM,18.266092922831373,-0.19508402619821297,4.02247173633166,24.029867504556883,1003.093884491141,13.260989767942185,-22.763027472957397,8
001036,1/20/2014 10:09:00 AM,42.68257344466479,34.4351903182886,29.131050741771524,1.9896123417761573,1067.2350950165242,21.91581527134395,-0.021522670275022193,8
001036,1/20/2014 11:07:00 AM,39.30283695294796,23.022142808824338,11.57311224813398,15.016454441425948,1028.9730032886537,7.204081845425261,41.416643176703445,8
001036,1/20/2014 12:08:00 PM,14.0,6.0,15.0,1.0,1025.0,23.0,27.36,2
001036,1/20/2014 1:07:00 PM,7.0,6.0,16.0,2.0,1024.0,22.0,29.88,2
001036,1/20/2014 2:09:00 PM,4.0,6.0,17.0,2.0,1024.0,21.0,28.44,2
001036,1/20/2014 3:07:00 PM,4.0,6.0,17.0,2.0,1024.0,21.0,26.28,2
001036,1/20/2014 3:50:00 PM,7.0,6.0,17.0,3.0,1024.0,20.0,23.76,2
001036,1/20/2014 4:09:00 PM,7.0,6.0,17.0,3.0,1025.0,20.0,17.28,2
001036,1/20/2014 5:07:00 PM,8.0,6.0,17.0,2.0,1025.0,21.0,18.72,2
001036,1/20/2014 6:09:00 PM,11.0,6.0,18.0,1.0,1026.0,23.0,13.68,2
001036,1/20/2014 7:07:00 PM,10.0,6.0,23.0,0.0,1027.0,26.0,11.16,2
001036,1/20/2014 8:09:00 PM,15.0,6.0,24.0,1.0,1027.0,25.0,13.32,2
001036,1/20/2014 9:07:00 PM,30.0,24.0,26.0,-1.0,1027.0,28.0,11.52,2
001036,1/20/2014 10:09:00 PM,96.0,50.0,26.0,-2.0,1028.0,28.0,10.8,2
001036,1/20/2014 11:08:00 PM,60.0,14.0,26.0,-1.0,1028.0,28.0,18.0,2
001036,1/21/2014 12:09:00 AM,30.0,6.0,23.0,-2.0,1028.0,28.0,9.0,2
001036,1/21/2014 1:25:00 AM,25.0,6.0,28.0,-4.0,1028.0,35.0,7.56,2
001036,1/21/2014 2:12:00 AM,36.22394290306298,37.310511174081746,-12.452594960964177,16.301525369501267,1012.6396482914995,41.103931927616784,10.508157261536995,7
001036,1/21/2014 3:07:00 AM,20.0,6.0,27.0,-5.0,1029.0,32.0,3.24,2
001036,1/21/2014 4:08:00 AM,28.0,6.0,28.0,-5.0,1029.0,35.0,10.44,2
001036,1/21/2014 5:06:00 AM,32.0,6.0,29.0,-6.0,1029.0,36.0,5.4,2
001036,1/21/2014 6:08:00 AM,50.0,18.0,29.0,-6.0,1029.0,36.0,5.4,2
001036,1/21/2014 7:06:00 AM,88.0,30.0,28.0,-7.0,1029.0,43.0,9.0,2
001036,1/21/2014 8:08:00 AM,82.0,34.0,28.0,-7.0,1029.0,44.0,3.24,2
001036,1/21/2014 9:06:00 AM,86.0,51.0,29.0,-7.0,1029.0,45.0,5.04,2
001036,1/21/2014 10:08:00 AM,131.0,62.0,29.0,-2.0,1030.0,31.0,9.36,2
001036,1/21/2014 1:07:00 PM,77.0,20.0,24.0,2.0,1026.0,22.0,10.8,2
001036,1/21/2014 2:10:00 PM,92.0,35.0,24.0,3.0,1025.0,20.0,18.72,2
001036,1/21/2014 3:07:00 PM,72.0,20.0,25.0,3.0,1024.0,20.0,19.08,2
001036,1/21/2014 9:06:00 PM,162.0,92.0,37.0,-1.0,1023.0,28.0,5.4,2
001036,1/21/2014 10:08:00 PM,191.0,104.0,46.0,-2.0,1022.0,37.0,8.64,2
001036,1/21/2014 11:07:00 PM,214.0,114.0,45.0,-4.0,1021.0,32.0,3.24,2
001036,1/22/2014 12:08:00 AM,225.0,127.0,45.0,-6.0,1021.0,42.0,3.24,2
001036,1/22/2014 1:06:00 AM,236.0,124.0,43.0,-7.0,1021.0,56.0,3.96,2
001036,1/22/2014 2:08:00 AM,243.0,144.0,43.0,-7.0,1020.0,63.0,2.16,2
001036,1/22/2014 3:06:00 AM,259.0,152.0,41.0,-8.0,1020.0,59.0,6.12,2
001036,1/22/2014 4:08:00 AM,269.0,157.0,38.0,-8.0,1020.0,53.0,6.48,2
001036,1/22/2014 7:06:00 AM,204.0,103.0,36.0,-8.0,1019.0,55.0,3.6,2
001036,1/22/2014 8:08:00 AM,182.0,94.0,37.0,-8.0,1019.0,52.0,4.32,2
001036,1/22/2014 9:06:00 AM,182.0,97.0,34.0,-7.0,1020.0,49.0,6.12,2
001036,1/22/2014 10:09:00 AM,192.0,103.0,32.0,-2.0,1020.0,33.0,3.6,2
001036,1/22/2014 5:06:00 PM,161.0,87.0,57.0,4.0,1015.0,21.0,5.76,2
001036,1/22/2014 6:08:00 PM,191.0,101.0,63.0,3.0,1016.0,25.0,7.92,2
001036,1/22/2014 7:06:00 PM,219.0,120.0,65.0,1.0,1016.0,38.0,2.16,2
001036,1/22/2014 8:08:00 PM,252.0,145.0,71.0,-1.0,1016.0,36.0,1.8,2
001036,1/22/2014 9:07:00 PM,301.0,186.0,69.0,-4.0,1016.0,54.0,3.24,2
001036,1/22/2014 10:10:00 PM,362.0,234.0,70.0,-4.0,1016.0,47.0,3.24,2
001036,1/22/2014 11:07:00 PM,300.0,189.0,60.0,-5.0,1016.0,54.0,3.6,2
001036,1/23/2014 12:09:00 AM,329.0,195.0,67.0,-6.0,1016.0,55.0,1.8,2
001036,1/23/2014 1:22:00 AM,319.0,194.0,55.0,-6.0,1015.0,53.0,4.32,2
001036,1/23/2014 2:12:00 AM,319.0,194.0,55.0,-6.0,1015.0,52.0,2.52,2
001036,1/23/2014 3:11:00 AM,324.0,195.0,58.0,-7.0,1014.0,58.0,3.6,2
001036,1/23/2014 4:12:00 AM,333.0,184.0,58.0,-7.0,1014.0,57.0,4.32,2
001036,1/23/2014 6:08:00 AM,295.0,161.0,46.0,-5.0,1012.0,58.0,7.2,2
001036,1/23/2014 3:06:00 PM,268.0,190.0,73.0,3.0,1008.0,32.0,7.2,1
001036,1/23/2014 4:08:00 PM,267.0,185.0,71.0,3.0,1008.0,34.0,7.2,1
001036,1/23/2014 5:06:00 PM,272.0,186.0,74.0,2.0,1007.0,38.0,5.04,1
001036,1/23/2014 6:09:00 PM,286.0,190.0,74.0,0.0,1008.0,48.0,3.24,2
001036,1/23/2014 7:06:00 PM,300.4055211465105,209.71860533390944,101.16051977673881,-28.54160470396191,1020.1390834946984,29.932264472282235,17.29178481450631,8
001036,1/23/2014 8:08:00 PM,356.7289439178002,259.8116944480986,113.66656413532797,8.908664827231476,1060.4939812143552,37.47029098184332,-11.746796251061685,8
001036,1/23/2014 9:06:00 PM,377.1658006788951,277.76572775600226,73.91548289151109,-9.533951359679222,1008.6890734797302,86.1421453466465,-6.559086942037363,8
001036,1/23/2014 10:08:00 PM,393.1632157728296,416.9588484400306,87.30930934218617,-4.660416081655557,1019.0905784499942,65.70120373069058,10.7672995286048,8
001036,1/24/2014 2:06:00 PM,331.84256835389584,213.43566437884192,110.147349413288,11.85917913590855,1032.708112314399,-5.563385509320856,37.513583969124035,8
001036,1/24/2014 2:13:00 PM,328.5255842202353,164.66149144367805,58.5401430463204,-16.746712522959623,1114.1061917803856,-10.633859572257975,6.308000301213798,8
001036,1/24/2014 3:07:00 PM,272.2788020574774,142.47601599914364,84.40805030313766,4.45782607024164,989.7293845863575,-6.508913190640463,22.750849702710276,8
001036,1/24/2014 4:08:00 PM,266.55997473278694,145.92494041547127,55.44919288798016,16.111197482236065,1032.5245843586906,9.302657773646263,14.360287099094288,8
001036,1/24/2014 5:07:00 PM,195.6445476727899,99.23426868515038,60.52477925381193,6.568288663318018,1023.629441440013,-3.441276773186903,16.49248129705424,8
001036,1/24/2014 6:08:00 PM,143.58652627035613,89.01824465020631,71.33965870955754,11.884210045147263,1000.9483888855516,26.284415663397183,30.7041249611073,8
001036,1/24/2014 7:06:00 PM,128.93125609121998,53.12500634501137,59.072915862856625,-9.347406686812048,982.0276467154084,12.325354840863287,-14.635549110227288,8
001036,1/24/2014 8:08:00 PM,109.65209431193435,27.6467005059879,57.02790042707794,-31.957906814183673,1081.3059407823478,26.234492143621353,6.5506104914991,8
001036,1/24/2014 9:07:00 PM,148.63299382414266,90.47506729457983,35.73279044897858,-8.66984431742933,1018.5234531073726,24.326248937638745,9.515133958390734,8
001036,1/24/2014 10:08:00 PM,228.68243266925595,119.52951567460828,26.47298109591332,-25.80215701191088,952.1618111076954,30.945024283171794,5.462010931538378,8
001036,1/24/2014 11:08:00 PM,201.0,123.0,41.0,3.0,1016.0,27.0,5.76,2
001036,1/25/2014 1:06:00 AM,255.0,144.0,41.0,1.0,1017.0,31.0,4.32,2
001036,1/25/2014 3:06:00 AM,302.0,157.0,37.0,-1.0,1018.0,40.0,3.6,2
001036,1/25/2014 4:08:00 AM,340.0,173.0,38.0,-2.0,1017.0,44.0,0.36,2
001036,1/25/2014 7:06:00 AM,325.0,167.0,38.0,-2.0,1018.0,52.0,5.04,2
001036,1/25/2014 8:08:00 AM,311.0,163.0,37.0,-1.0,1019.0,43.0,3.6,2
001036,1/25/2014 11:06:00 AM,319.0,173.0,46.0,6.0,1022.0,15.0,13.32,2
001036,1/25/2014 12:08:00 PM,209.0,106.0,46.0,6.0,1022.0,14.0,11.16,2
001036,1/25/2014 4:08:00 PM,28.0,8.0,27.0,7.0,1021.0,14.0,11.16,2
001036,1/25/2014 5:06:00 PM,28.0,12.0,26.0,6.0,1022.0,15.0,8.64,2
001036,1/25/2014 6:08:00 PM,25.0,28.0,25.0,4.0,1023.0,18.0,5.76,2
001036,1/26/2014 12:09:00 AM,96.0,74.0,34.0,-2.0,1028.0,74.0,5.4,2
001036,1/26/2014 1:06:00 AM,96.0,71.0,35.0,-2.0,1028.0,72.0,8.28,2
001036,1/26/2014 2:08:00 AM,96.0,70.0,26.0,-2.0,1028.0,71.0,9.0,2
001036,1/26/2014 3:06:00 AM,65.0,57.0,18.0,-2.0,1028.0,72.0,8.28,2
001036,1/26/2014 4:08:00 AM,57.0,53.0,17.0,-2.0,1028.0,74.0,9.0,2
001036,1/26/2014 5:06:00 AM,65.0,57.0,17.0,-4.0,1027.0,70.0,9.36,2
001036,1/26/2014 6:08:00 AM,77.0,61.0,19.0,-4.0,1027.0,70.0,7.92,2
001036,1/26/2014 7:06:00 AM,75.0,61.0,17.0,-5.0,1028.0,70.0,9.36,2
001036,1/26/2014 8:08:00 AM,82.0,65.0,18.0,-5.0,1028.0,74.0,10.44,2
001036,1/26/2014 9:06:00 AM,80.0,64.0,19.0,-4.0,1027.0,70.0,11.16,2
001036,1/26/2014 10:08:00 AM,115.0,84.0,26.0,-2.0,1027.0,63.0,11.16,2
001036,1/26/2014 11:07:00 AM,106.0,77.0,21.0,0.0,1026.0,57.0,12.96,2
001036,1/26/2014 12:09:00 PM,75.0,57.0,17.0,1.0,1025.0,53.0,18.72,2
001036,1/26/2014 1:07:00 PM,66.0,57.0,21.0,1.0,1023.0,49.0,19.08,2
001036,1/26/2014 2:09:00 PM,68.0,57.0,22.0,2.0,1022.0,46.0,14.4,2
001036,1/26/2014 3:07:00 PM,90.0,68.0,22.0,3.0,1020.0,43.0,11.52,2
001036,1/26/2014 4:09:00 PM,115.0,79.0,24.0,3.0,1019.0,43.0,16.2,2
001036,1/26/2014 5:07:00 PM,126.0,86.0,25.0,2.0,1018.0,45.0,11.16,2
001036,1/26/2014 6:08:00 PM,150.0,97.0,27.0,1.0,1018.0,51.0,7.56,2
001036,1/26/2014 7:07:00 PM,165.0,106.0,30.0,0.0,1018.0,57.0,5.76,2
001036,1/26/2014 8:09:00 PM,181.0,112.0,34.0,-1.0,1017.0,57.0,4.32,2
001036,1/26/2014 9:10:00 PM,215.0,131.0,37.0,-3.0,1017.0,69.0,5.04,2
001036,1/26/2014 10:10:00 PM,207.0,127.0,37.0,-2.0,1016.0,61.0,6.48,2
001036,1/26/2014 11:08:00 PM,252.0,149.0,40.0,-4.0,1015.0,70.0,5.4,2
001036,1/27/2014 12:09:00 AM,245.0,142.0,44.0,-5.0,1015.0,78.0,2.52,2
001036,1/27/2014 1:07:00 AM,256.0,147.0,44.0,-5.0,1014.0,70.0,3.24,2
001036,1/27/2014 2:09:00 AM,268.0,151.0,41.0,-6.0,1013.0,71.0,3.6,2
001036,1/27/2014 3:06:00 AM,254.0,142.0,41.0,-5.0,1013.0,71.0,5.4,2
001036,1/27/2014 4:08:00 AM,238.0,131.0,39.0,-5.0,1012.0,75.0,5.04,2
001036,1/27/2014 5:06:00 AM,215.0,124.0,39.0,-5.0,1011.0,79.0,6.12,2
001036,1/27/2014 6:08:00 AM,192.0,116.0,40.0,-5.0,1011.0,80.0,7.2,2
001036,1/27/2014 7:06:00 AM,155.0,93.0,41.0,-5.0,1011.0,78.0,7.56,2
001036,1/27/2014 8:08:00 AM,165.0,99.0,38.0,-6.0,1011.0,76.0,3.96,2
001036,1/27/2014 9:06:00 AM,168.0,99.0,36.0,-5.0,1012.0,72.0,4.68,2
001036,1/27/2014 10:08:00 AM,175.0,104.0,35.0,-1.0,1012.0,61.0,4.32,2
001036,1/27/2014 11:07:00 AM,204.0,115.0,36.0,1.0,1012.0,51.0,11.16,2
001036,1/27/2014 12:08:00 PM,212.0,115.0,34.0,3.0,1011.0,43.0,7.92,2
001036,1/27/2014 1:07:00 PM,209.0,109.0,34.0,4.0,1010.0,39.0,2.16,2
001036,1/27/2014 2:08:00 PM,192.0,104.0,38.0,5.0,1010.0,37.0,8.64,2
001036,1/27/2014 3:06:00 PM,182.0,107.0,42.0,7.0,1011.0,33.0,5.76,2
001036,1/27/2014 4:09:00 PM,204.0,115.0,43.0,7.0,1011.0,31.0,10.08,2
001036,1/27/2014 5:08:00 PM,219.0,125.0,44.0,10.0,1012.0,14.0,22.68,2
001036,1/27/2014 6:11:00 PM,222.0,127.0,41.0,9.0,1014.0,14.0,34.2,2
001036,1/27/2014 7:08:00 PM,216.0,125.0,42.0,7.0,1016.0,14.0,12.24,2
001036,1/27/2014 8:08:00 PM,255.0,151.0,57.0,7.0,1018.0,12.0,19.08,2
001036,1/27/2014 9:07:00 PM,201.0,108.0,38.0,4.0,1019.0,16.0,16.2,2
001036,1/27/2014 10:08:00 PM,22.0,54.0,20.0,4.0,1020.0,15.0,20.88,2
001036,1/27/2014 11:07:00 PM,10.0,49.0,20.0,3.0,1021.0,15.0,15.48,2
001036,1/28/2014 12:09:00 AM,14.0,64.0,18.0,3.0,1022.0,18.0,14.4,2
001036,1/28/2014 1:07:00 AM,5.0,21.0,16.0,2.0,1022.0,19.0,7.56,2
001036,1/28/2014 2:08:00 AM,15.0,27.0,17.0,1.0,1023.0,21.0,14.76,2
001036,1/28/2014 3:06:00 AM,10.0,22.0,18.0,2.0,1022.0,18.0,10.08,2
001036,1/28/2014 4:08:00 AM,20.0,16.0,21.0,0.0,1023.0,21.0,14.4,2
001036,1/28/2014 6:08:00 AM,41.0,35.0,20.0,-2.0,1023.0,27.0,8.28,2
001036,1/28/2014 7:06:00 AM,55.0,44.0,23.0,-2.0,1024.0,28.0,5.04,2
001036,1/28/2014 8:08:00 AM,62.0,53.0,21.0,-5.0,1025.0,56.0,3.96,2
001036,1/28/2014 9:06:00 AM,70.0,56.0,21.0,-2.0,1025.0,33.0,2.16,2
001036,1/28/2014 10:08:00 AM,82.0,61.0,19.0,2.0,1026.0,22.0,3.96,2
001036,1/28/2014 11:07:00 AM,83.0,60.0,19.0,3.0,1025.0,28.0,18.0,2
001036,1/28/2014 12:08:00 PM,73.0,61.0,18.0,3.0,1024.0,33.0,22.68,2
001036,1/28/2014 1:06:00 PM,72.0,77.0,20.0,4.0,1023.0,41.0,26.28,2
001036,1/28/2014 2:09:00 PM,72.0,82.0,20.0,4.0,1022.0,37.0,24.84,2
001036,1/28/2014 3:07:00 PM,82.0,90.0,23.0,4.0,1021.0,36.0,27.0,2
001036,1/28/2014 4:08:00 PM,77.0,87.0,23.0,5.0,1020.0,35.0,15.84,2
001036,1/28/2014 5:06:00 PM,82.0,86.0,23.0,4.0,1019.0,37.0,15.84,2
001036,1/28/2014 6:08:00 PM,102.0,90.0,23.0,3.0,1019.0,42.0,11.88,2
001036,1/28/2014 7:06:00 PM,120.0,98.0,24.0,2.0,1019.0,46.0,15.12,2
001036,1/28/2014 8:08:00 PM,161.0,123.0,31.0,1.0,1019.0,47.0,12.6,2
001036,1/28/2014 9:06:00 PM,178.0,129.0,32.0,1.0,1019.0,47.0,7.92,2
001036,1/28/2014 10:08:00 PM,185.0,133.0,33.0,0.0,1018.0,47.0,4.68,2
001036,1/28/2014 11:06:00 PM,212.0,138.0,33.0,-1.0,1017.0,61.0,11.16,2
001036,1/29/2014 12:09:00 AM,216.0,143.0,36.0,-2.0,1016.0,69.0,15.84,2
001036,1/29/2014 1:07:00 AM,231.0,146.0,37.0,-4.0,1015.0,71.0,5.4,2
001036,1/29/2014 2:08:00 AM,241.0,144.0,37.0,-5.0,1015.0,73.0,5.04,2
001036,1/29/2014 3:10:00 AM,244.0,143.0,35.0,-5.0,1014.0,79.0,6.12,2
001036,1/29/2014 4:11:00 AM,210.0,127.0,33.0,-5.0,1013.0,80.0,5.4,2
001036,1/29/2014 5:10:00 AM,178.0,105.0,33.0,-5.0,1011.0,78.0,5.76,2
001036,1/29/2014 6:12:00 AM,162.0,94.0,32.0,-6.0,1011.0,84.0,7.56,2
001036,1/29/2014 7:10:00 AM,127.0,80.0,33.0,-5.0,1010.0,80.0,9.72,2
001036,1/29/2014 8:11:00 AM,115.0,73.0,34.0,-4.0,1010.0,75.0,7.92,2
001036,1/29/2014 9:10:00 AM,100.0,76.0,35.0,-4.0,1009.0,75.0,4.68,2
001036,1/29/2014 10:11:00 AM,110.0,78.0,34.0,-1.0,1010.0,67.0,7.92,2
001036,1/29/2014 11:11:00 AM,133.0,91.0,35.0,0.0,1008.0,59.0,13.68,2
001036,1/29/2014 12:12:00 PM,121.0,76.0,32.0,1.0,1008.0,51.0,10.44,1
001036,1/29/2014 1:09:00 PM,126.0,85.0,35.0,2.0,1006.0,46.0,10.8,1
001036,1/29/2014 2:11:00 PM,135.0,86.0,35.0,3.0,1005.0,43.0,5.4,1
001036,1/29/2014 3:10:00 PM,154.0,95.0,36.0,3.0,1005.0,43.0,7.2,1
001036,1/29/2014 4:12:00 PM,160.0,105.0,40.0,3.0,1005.0,44.0,3.6,1
001036,1/29/2014 5:12:00 PM,177.0,114.0,49.0,3.0,1005.0,47.0,3.24,1
001036,1/29/2014 6:13:00 PM,192.0,113.0,52.0,1.0,1006.0,55.0,5.4,2
001036,1/29/2014 7:10:00 PM,190.0,115.0,55.0,-1.0,1006.0,65.0,4.32,2
001036,1/29/2014 8:13:00 PM,206.0,124.0,57.0,-1.0,1007.0,69.0,4.32,2
001036,1/29/2014 9:10:00 PM,226.0,136.0,56.0,-2.0,1007.0,70.0,5.4,2
001036,1/29/2014 10:12:00 PM,273.0,192.0,52.0,-2.0,1007.0,72.0,6.12,2
001036,1/29/2014 11:11:00 PM,354.0,262.0,50.0,-2.0,1008.0,69.0,4.32,2
001036,1/30/2014 12:12:00 AM,295.0,182.0,49.0,-4.0,1008.0,72.0,5.04,2
001036,1/30/2014 1:07:00 AM,295.0,178.0,44.0,-5.0,1009.0,82.0,5.04,2
001036,1/30/2014 2:08:00 AM,319.0,191.0,45.0,-5.0,1009.0,76.0,6.12,2
001036,1/30/2014 3:06:00 AM,341.0,201.0,39.0,-5.0,1009.0,78.0,3.24,2
001036,1/30/2014 4:08:00 AM,414.0,310.0,37.0,3.0,1009.0,25.0,21.24,2
001036,1/30/2014 5:06:00 AM,418.0,280.0,37.0,4.0,1010.0,19.0,32.4,2
001036,1/30/2014 6:08:00 AM,402.0,228.0,34.0,3.0,1011.0,20.0,13.32,2
001036,1/30/2014 7:06:00 AM,403.0,215.0,31.0,3.0,1012.0,20.0,14.4,2
001036,1/30/2014 8:08:00 AM,402.0,218.0,28.0,3.0,1013.0,18.0,20.88,2
001036,1/30/2014 9:06:00 AM,400.0,208.0,29.0,4.0,1013.0,16.0,16.92,2
001036,1/30/2014 10:08:00 AM,384.0,220.0,34.0,5.0,1014.0,14.0,12.24,2
001036,1/30/2014 11:07:00 AM,442.0,376.0,45.0,6.0,1014.0,14.0,17.28,2
001036,1/30/2014 12:08:00 PM,426.0,330.0,44.0,7.0,1013.0,13.0,9.0,2
001036,1/30/2014 1:06:00 PM,226.0,109.0,38.0,8.0,1012.0,12.0,6.84,2
001036,1/30/2014 2:08:00 PM,174.0,94.0,37.0,8.0,1012.0,13.0,14.76,2
001036,1/30/2014 3:07:00 PM,140.0,79.0,34.0,8.0,1012.0,12.0,15.48,2
001036,1/30/2014 4:08:00 PM,85.0,59.0,30.0,7.0,1012.0,15.0,14.04,2
001036,1/30/2014 5:06:00 PM,86.0,64.0,29.0,6.0,1012.0,19.0,12.96,2
001036,1/30/2014 6:06:00 PM,118.0,79.0,30.0,4.0,1012.0,24.0,9.72,2
001036,1/30/2014 7:07:00 PM,151.0,104.0,29.0,4.0,1012.0,23.0,9.0,2
001036,1/30/2014 8:08:00 PM,257.0,177.0,36.0,3.0,1013.0,40.0,11.88,2
001036,1/30/2014 9:06:00 PM,302.0,202.0,37.0,2.0,1013.0,61.0,14.4,2
001036,1/30/2014 10:09:00 PM,242.0,164.0,34.0,0.0,1014.0,69.0,9.36,2
001036,1/30/2014 11:07:00 PM,223.0,145.0,30.0,0.0,1014.0,74.0,7.92,2
001036,1/31/2014 12:09:00 AM,203.0,128.0,28.0,0.0,1015.0,76.0,10.08,2
001036,1/31/2014 1:06:00 AM,181.0,117.0,26.0,-2.0,1015.0,82.0,4.32,2
001036,1/31/2014 2:07:00 AM,239.0,166.0,27.0,-2.0,1015.0,86.0,7.56,2
001036,1/31/2014 3:06:00 AM,500.0,500.0,29.0,-4.0,1015.0,84.0,7.92,2
001036,1/31/2014 4:08:00 AM,500.0,500.0,30.0,-2.0,1015.0,80.0,7.2,2
001036,1/31/2014 6:08:00 AM,275.0,175.0,31.0,-4.0,1014.0,78.0,6.48,2
001036,1/31/2014 7:06:00 AM,224.0,132.0,32.0,-4.0,1014.0,80.0,7.2,2
001036,1/31/2014 8:08:00 AM,185.0,113.0,31.0,-3.0,1014.0,79.0,6.48,2
001036,1/31/2014 9:06:00 AM,158.0,104.0,33.0,-1.0,1014.0,77.0,6.48,1
001036,1/31/2014 10:08:00 AM,212.0,136.0,32.0,0.0,1014.0,69.0,16.2,1
001036,1/31/2014 11:06:00 AM,211.0,126.0,28.0,1.0,1014.0,65.0,14.76,1
001036,1/31/2014 12:08:00 PM,136.0,81.0,26.0,2.0,1014.0,60.0,8.28,1
001036,1/31/2014 1:07:00 PM,112.0,69.0,25.0,3.0,1013.0,58.0,9.36,1
001036,1/31/2014 2:08:00 PM,98.0,66.0,27.0,3.0,1012.0,57.0,9.72,1
001036,1/31/2014 3:07:00 PM,100.0,67.0,28.0,3.0,1012.0,57.0,7.2,1
001036,1/31/2014 4:09:00 PM,98.0,68.0,29.0,3.0,1012.0,58.0,8.28,1
001036,1/31/2014 5:06:00 PM,100.0,71.0,31.0,3.0,1012.0,67.0,6.84,1
001036,1/31/2014 6:08:00 PM,128.0,82.0,32.0,2.0,1012.0,68.0,6.12,3
001036,1/31/2014 7:07:00 PM,143.0,98.0,34.0,3.0,1013.0,68.0,4.68,3
001036,1/31/2014 8:09:00 PM,190.0,115.0,33.0,3.0,1013.0,75.0,8.64,3
001036,1/31/2014 9:09:00 PM,188.0,111.0,36.0,2.0,1014.0,78.0,5.76,3
001036,1/31/2014 10:11:00 PM,206.0,123.0,38.0,2.0,1014.0,80.0,2.88,3
001036,1/31/2014 11:07:00 PM,210.0,130.0,39.0,2.0,1014.0,81.0,3.96,3
001036,2/1/2014 12:10:00 AM,195.0,125.0,38.0,2.0,1013.0,88.0,3.6,3
001036,2/1/2014 1:07:00 AM,182.0,117.0,38.0,2.0,1013.0,93.0,2.88,3
001036,2/1/2014 2:08:00 AM,182.0,114.0,38.0,2.0,1013.0,91.0,7.56,3
001036,2/1/2014 3:06:00 AM,190.0,114.0,39.0,2.0,1013.0,84.0,5.76,3
001036,2/1/2014 4:08:00 AM,198.0,112.0,38.0,2.0,1012.0,87.0,3.96,3
001036,2/1/2014 5:06:00 AM,175.0,107.0,37.0,2.0,1012.0,86.0,6.48,3
001036,2/1/2014 6:08:00 AM,174.0,106.0,32.0,2.0,1011.0,81.0,10.44,3
001036,2/1/2014 7:08:00 AM,181.0,98.0,30.0,2.0,1012.0,84.0,6.84,3
001036,2/1/2014 8:08:00 AM,180.0,93.0,29.0,2.0,1012.0,87.0,6.12,3
001036,2/1/2014 9:06:00 AM,181.0,91.0,31.0,2.0,1012.0,87.0,3.24,3
001036,2/1/2014 10:08:00 AM,171.0,88.0,31.0,3.0,1012.0,86.0,2.88,3
001036,2/1/2014 11:06:00 AM,162.0,84.0,31.0,3.0,1012.0,78.0,1.44,3
001036,2/1/2014 12:09:00 PM,182.0,93.0,31.0,3.0,1011.0,81.0,1.8,3
001036,2/1/2014 1:07:00 PM,155.0,81.0,30.0,3.0,1011.0,80.0,3.6,3
001036,2/1/2014 2:07:00 PM,120.0,55.0,27.0,3.0,1010.0,82.0,5.76,3
001036,2/1/2014 3:06:00 PM,116.0,63.0,27.0,4.0,1009.0,80.0,7.2,3
001036,2/1/2014 4:11:00 PM,135.0,80.0,28.0,3.0,1009.0,85.0,4.68,3
001036,2/1/2014 5:07:00 PM,145.0,94.0,29.0,3.0,1008.0,86.0,10.8,3
001036,2/1/2014 6:08:00 PM,120.0,66.0,27.0,3.0,1008.0,88.0,9.0,2
001036,2/1/2014 7:08:00 PM,132.0,75.0,29.0,3.0,1008.0,91.0,5.76,2
001036,2/1/2014 8:09:00 PM,130.0,73.0,31.0,2.0,1008.0,91.0,3.96,2
001036,2/1/2014 9:07:00 PM,147.0,88.0,32.0,2.0,1008.0,93.0,7.92,2
001036,2/1/2014 10:09:00 PM,193.09687249489167,75.14421080655518,48.93255786304899,1.099675803091694,974.2747144810622,69.62908472308592,8.729436821301737,8
001036,2/1/2014 11:07:00 PM,151.31432893889126,99.28691838587511,62.948208706163996,19.324784877387284,1037.4484509276176,98.18179832774449,54.23257639112255,8
001036,2/2/2014 12:09:00 AM,137.72872241483722,51.42391685471363,42.85455123037907,-17.286297387445572,1003.0765084969715,77.43193142194858,-5.2052274581173315,8
001036,2/2/2014 1:06:00 AM,168.71269182464152,109.56460653581674,14.023787996036685,-18.232515457084837,1048.814330889422,77.773524414535,12.846674792507763,8
001036,2/2/2014 2:08:00 AM,180.6851610618214,130.9283789676002,33.730460538355814,23.41608777056875,989.6526638400932,78.3607887495138,19.416410621199034,8
001036,2/2/2014 3:06:00 AM,183.53069313615768,95.8275811679541,36.0799264435616,20.850576926789774,962.0335379113538,77.11329597904155,22.502948038652296,8
001036,2/2/2014 4:08:00 AM,183.2641483187428,116.7370820815968,19.1795951508609,-19.67084204354113,971.302453670716,112.85618902175636,21.913549627946093,8
001036,2/2/2014 5:06:00 AM,212.04620732888304,126.84202065906699,24.584486804530624,11.034432916008416,1072.8604316528047,93.6611125048429,-9.087307367686858,8
001036,2/2/2014 6:08:00 AM,238.43301706363616,129.18051130265076,-0.37346341283960527,58.806693402669886,986.89907607685,85.12047856457585,17.883066113420725,8
001036,2/2/2014 7:06:00 AM,190.27476175327763,165.34682468328128,-7.561587011380269,0.07934151343870244,1058.8115830415134,65.4886474303813,-15.01474984774701,8
001036,2/2/2014 8:08:00 AM,223.72161842296626,144.37109391344654,45.58992770909421,18.50806864150673,962.9659048907288,90.82650176250127,-9.066812503586004,8
001036,2/2/2014 9:06:00 AM,202.08160931878095,143.7102132720906,12.934576012597155,-13.272846172728665,1030.8280889523587,106.36643999361374,-37.04340994692691,8
001036,2/2/2014 10:08:00 AM,190.84277506937028,116.03851671371045,40.459464640567774,-17.54962073445948,1012.9013687617351,92.57057953071394,-7.294393873942405,8
001036,2/2/2014 11:08:00 AM,298.04620332062564,217.69361089975723,26.599208697452713,-6.824978986274791,1050.8563366520711,55.5319477006528,19.822842601465183,8
001036,2/2/2014 12:08:00 PM,294.6319471239668,153.913196393941,47.23953265153365,7.340731865473046,1026.8930161090245,35.09930626145682,-4.381975039687191,8
001036,2/2/2014 1:07:00 PM,265.3684317779086,169.15007719150805,51.76832580069224,-3.3261151043531534,949.4219034894315,21.278667392187522,45.4371376991645,8
001036,2/2/2014 2:09:00 PM,219.0,120.0,31.0,8.0,1008.0,19.0,37.8,2
001036,2/2/2014 3:07:00 PM,136.0,79.0,28.0,8.0,1008.0,19.0,37.8,2
001036,2/2/2014 4:10:00 PM,4.0,80.0,24.0,8.0,1008.0,19.0,37.8,2
001036,2/2/2014 5:09:00 PM,229.0,169.0,34.0,8.0,1008.0,19.0,37.8,2
001036,2/2/2014 6:08:00 PM,255.0,164.0,37.0,6.0,1010.0,15.0,34.56,2
001036,2/2/2014 7:06:00 PM,253.0,134.0,35.0,4.0,1012.0,12.0,35.28,2
001036,2/2/2014 8:08:00 PM,34.0,6.0,20.0,3.0,1013.0,12.0,19.08,2
001036,2/2/2014 9:06:00 PM,18.0,6.0,19.0,3.0,1014.0,12.0,17.64,2
001036,2/2/2014 10:08:00 PM,15.0,6.0,18.0,3.0,1015.0,10.0,10.08,2
001036,2/2/2014 11:06:00 PM,18.0,7.0,18.0,3.0,1016.0,10.0,10.8,2
001036,2/3/2014 12:08:00 AM,8.0,6.0,18.0,3.0,1016.0,10.0,10.44,2
001036,2/3/2014 1:06:00 AM,12.0,7.0,18.0,2.0,1017.0,15.0,16.92,2
001036,2/3/2014 2:08:00 AM,13.47565237984017,83.39745915200726,23.8206848181216,20.83394062014864,996.7457121960545,42.58563136445109,35.05376128582009,7
001036,2/3/2014 3:06:00 AM,48.0,101.0,17.0,1.0,1019.0,19.0,20.88,2
001036,2/3/2014 4:08:00 AM,44.0,96.0,17.0,0.0,1019.0,31.0,38.52,2
001036,2/3/2014 6:08:00 AM,20.0,28.0,14.0,-2.0,1021.0,19.0,34.2,2
001036,2/3/2014 7:06:00 AM,5.0,6.0,13.0,-2.0,1022.0,16.0,26.28,2
001036,2/3/2014 8:08:00 AM,7.0,6.0,13.0,-2.0,1023.0,12.0,23.4,2
001036,2/3/2014 9:06:00 AM,4.0,6.0,12.0,-2.0,1024.0,11.0,35.64,2
001036,2/3/2014 10:08:00 AM,5.0,6.0,13.0,-1.0,1024.0,10.0,36.72,2
001036,2/3/2014 11:07:00 AM,4.0,6.0,10.0,0.0,1023.0,10.0,36.0,2
001036,2/3/2014 12:08:00 PM,7.0,7.0,10.0,1.0,1022.0,9.0,29.52,2
001036,2/3/2014 1:07:00 PM,4.0,6.0,11.0,2.0,1021.0,9.0,35.28,2
001036,2/3/2014 2:08:00 PM,4.0,6.0,13.0,2.0,1020.0,9.0,41.76,2
001036,2/3/2014 3:07:00 PM,5.0,6.0,15.0,2.0,1020.0,8.0,34.2,2
001036,2/3/2014 4:08:00 PM,4.0,14.0,14.0,2.0,1020.0,9.0,30.24,2
001036,2/3/2014 5:07:00 PM,4.0,7.0,12.0,1.0,1020.0,9.0,24.12,2
001036,2/3/2014 6:09:00 PM,7.0,11.0,10.0,0.0,1021.0,10.0,27.36,2
001036,2/3/2014 7:07:00 PM,8.0,20.0,11.0,0.0,1022.0,10.0,24.12,2
001036,2/3/2014 8:10:00 PM,11.0,20.0,11.0,-1.0,1022.0,13.0,9.72,2
001036,2/3/2014 9:07:00 PM,10.0,19.0,11.0,-2.0,1023.0,13.0,14.4,2
001036,2/3/2014 10:12:00 PM,11.0,22.0,11.0,-1.0,1023.0,11.0,27.36,2
001036,2/3/2014 11:07:00 PM,14.0,18.0,11.0,-1.0,1023.0,11.0,28.8,2
001036,2/4/2014 12:09:00 AM,27.0,37.0,11.0,-1.0,1023.0,11.0,27.36,2
001036,2/4/2014 1:06:00 AM,31.0,34.0,11.0,-2.0,1024.0,11.0,20.88,2
001036,2/4/2014 2:09:00 AM,48.0,52.0,12.0,-2.0,1024.0,11.0,20.16,2
001036,2/4/2014 3:06:00 AM,66.0,54.0,14.0,-4.0,1024.0,12.0,21.6,2
001036,2/4/2014 4:08:00 AM,58.0,49.0,14.0,-4.0,1024.0,12.0,11.88,2
001036,2/4/2014 5:06:00 AM,25.0,13.0,9.0,-5.0,1024.0,13.0,24.12,2
001036,2/4/2014 6:08:00 AM,24.0,15.0,9.0,-5.0,1023.0,12.0,17.28,2
001036,2/4/2014 7:06:00 AM,34.0,31.0,12.0,-6.0,1024.0,13.0,15.12,2
001036,2/4/2014 8:08:00 AM,45.0,42.0,12.0,-6.0,1025.0,14.0,4.32,2
001036,2/4/2014 9:06:00 AM,80.0,68.0,15.0,-4.0,1026.0,13.0,4.68,2
001036,2/4/2014 10:08:00 AM,197.0,128.0,15.0,-2.0,1026.0,13.0,7.92,2
001036,2/4/2014 11:06:00 AM,161.0,100.0,14.0,-1.0,1026.0,15.0,11.88,2
001036,2/4/2014 12:08:00 PM,101.0,69.0,13.0,-1.0,1025.0,13.0,12.24,2
001036,2/4/2014 1:08:00 PM,55.0,41.0,13.0,0.0,1024.0,12.0,3.6,2
001036,2/4/2014 2:10:00 PM,47.0,31.0,15.0,0.0,1022.0,12.0,9.0,2
001036,2/4/2014 3:07:00 PM,51.0,42.0,15.0,1.0,1022.0,11.0,6.48,2
001036,2/4/2014 4:09:00 PM,51.0,46.0,16.0,0.0,1022.0,13.0,6.84,2
001036,2/4/2014 5:06:00 PM,55.0,44.0,16.0,0.0,1021.0,13.0,7.2,2
001036,2/4/2014 6:08:00 PM,47.0,43.0,16.0,-1.0,1022.0,14.0,5.04,2
001036,2/4/2014 7:06:00 PM,53.0,52.0,16.0,-2.0,1022.0,15.0,3.96,2
001036,2/4/2014 8:09:00 PM,80.0,70.0,20.0,-2.0,1023.0,23.0,6.48,2
001036,2/4/2014 9:06:00 PM,117.0,86.0,23.0,-2.0,1023.0,22.0,7.56,2
001036,2/4/2014 10:09:00 PM,141.0,96.0,26.0,-2.0,1023.0,18.0,6.84,2
001036,2/4/2014 11:07:00 PM,172.0,98.0,28.0,-2.0,1024.0,19.0,5.4,2
001036,2/5/2014 12:08:00 AM,204.0,116.0,29.0,-3.0,1024.0,20.0,6.48,2
001036,2/5/2014 1:08:00 AM,208.0,117.0,30.0,-4.0,1024.0,19.0,9.0,2
001036,2/5/2014 2:08:00 AM,200.0,105.0,31.0,-4.0,1023.0,20.0,6.84,2
001036,2/5/2014 3:07:00 AM,218.0,119.0,36.0,-5.0,1023.0,29.0,3.24,2
001036,2/5/2014 4:08:00 AM,211.0,109.0,34.0,-6.0,1023.0,29.0,2.52,2
001036,2/5/2014 6:08:00 AM,158.0,99.0,23.0,-8.0,1023.0,51.0,2.88,2
001036,2/5/2014 7:06:00 AM,105.0,69.0,18.0,-9.0,1024.0,43.0,0.72,2
001036,2/5/2014 8:08:00 AM,91.0,63.0,19.0,-8.0,1024.0,54.0,2.88,2
001036,2/5/2014 9:07:00 AM,131.0,72.0,25.0,-6.0,1024.0,31.0,4.32,2
001036,2/5/2014 10:08:00 AM,146.0,89.0,24.0,-4.0,1024.0,25.0,3.24,2
001036,2/5/2014 11:06:00 AM,175.0,107.0,28.0,-1.0,1024.0,43.0,5.76,2
001036,2/5/2014 12:08:00 PM,123.0,79.0,19.0,-1.0,1023.0,51.0,9.0,2
001036,2/5/2014 1:06:00 PM,110.0,69.0,17.0,1.0,1022.0,46.0,19.08,2
001036,2/5/2014 2:08:00 PM,113.0,69.0,18.0,1.0,1021.0,44.0,11.52,2
001036,2/5/2014 3:07:00 PM,106.0,67.0,19.0,1.0,1021.0,42.0,16.2,2
001036,2/5/2014 4:08:00 PM,86.0,58.0,20.0,1.0,1021.0,39.0,14.76,2
001036,2/5/2014 5:06:00 PM,101.0,64.0,22.0,1.0,1021.0,40.0,9.36,2
001036,2/5/2014 6:08:00 PM,106.0,71.0,22.0,0.0,1022.0,42.0,6.12,3
001036,2/5/2014 7:06:00 PM,111.0,79.0,24.0,-1.0,1022.0,43.0,8.28,3
001036,2/5/2014 8:08:00 PM,136.0,89.0,27.0,-1.0,1022.0,46.0,6.12,3
001036,2/5/2014 9:07:00 PM,202.0,115.0,33.0,-2.0,1023.0,49.0,3.96,3
001036,2/5/2014 10:09:00 PM,181.0,106.0,31.0,-2.0,1023.0,57.0,5.04,3
001036,2/5/2014 11:06:00 PM,212.0,119.0,35.0,-2.0,1023.0,65.0,3.96,3
001036,2/6/2014 12:08:00 AM,212.0,119.0,36.0,-4.0,1023.0,68.0,2.52,3
001036,2/6/2014 1:06:00 AM,211.0,121.0,36.0,-6.0,1023.0,67.0,4.32,3
001036,2/6/2014 2:08:00 AM,228.0,132.0,35.0,-6.0,1023.0,69.0,2.52,3
001036,2/6/2014 3:06:00 AM,237.0,141.0,34.0,-6.0,1023.0,67.0,4.68,3
001036,2/6/2014 4:08:00 AM,255.0,155.0,32.0,-6.0,1023.0,68.0,3.96,3
001036,2/6/2014 6:08:00 AM,220.0,120.0,32.0,-6.0,1024.0,71.0,6.84,3
001036,2/6/2014 7:06:00 AM,200.0,115.0,32.0,-5.0,1024.0,64.0,4.32,3
001036,2/6/2014 8:08:00 AM,198.0,117.0,32.0,-6.0,1025.0,71.0,4.32,3
001036,2/6/2014 9:07:00 AM,185.0,102.0,32.0,-4.0,1025.0,57.0,8.28,3
001036,2/6/2014 10:08:00 AM,175.0,97.0,32.0,-1.0,1026.0,50.0,11.16,3
001036,2/6/2014 11:07:00 AM,172.0,95.0,38.0,-1.0,1025.0,46.0,12.24,3
001036,2/6/2014 12:08:00 PM,190.0,95.0,40.0,0.0,1024.0,42.0,5.4,3
001036,2/6/2014 1:06:00 PM,187.0,92.0,41.0,1.0,1023.0,40.0,3.96,3
001036,2/6/2014 2:13:00 PM,178.0,87.0,41.0,2.0,1023.0,34.0,4.32,3
001036,2/6/2014 3:06:00 PM,108.0,57.0,32.0,2.0,1023.0,35.0,4.32,3
001036,2/6/2014 4:08:00 PM,102.0,60.0,32.0,2.0,1024.0,34.0,5.76,3
001036,2/6/2014 5:07:00 PM,105.0,62.0,29.0,1.0,1023.0,34.0,3.6,3
001036,2/7/2014 6:07:00 PM,130.0,61.0,25.0,-4.0,1019.0,92.0,5.76,2
001036,2/7/2014 7:07:00 PM,133.0,64.0,27.0,-3.0,1019.0,92.0,3.96,2
001036,2/7/2014 8:07:00 PM,143.0,68.0,27.0,-4.0,1019.0,91.0,4.32,2
001036,2/7/2014 9:07:00 PM,98.0,39.0,20.0,-4.0,1019.0,91.0,4.68,2
001036,2/7/2014 10:07:00 PM,98.0,42.0,19.0,-4.0,1019.0,91.0,7.2,2
001036,2/7/2014 11:07:00 PM,95.0,43.0,19.0,-4.0,1019.0,92.0,9.36,2
001036,2/8/2014 12:07:00 AM,92.0,44.0,18.0,-4.0,1019.0,90.0,12.24,2
001036,2/8/2014 1:06:00 AM,86.0,42.0,19.0,-4.0,1019.0,87.0,9.36,2
001036,2/8/2014 2:06:00 AM,96.0,50.0,19.0,-4.0,1019.0,89.0,10.44,2
001036,2/8/2014 3:06:00 AM,96.0,52.0,19.0,-4.0,1019.0,90.0,3.24,2
001036,2/8/2014 4:07:00 AM,102.0,55.0,19.0,-4.0,1019.0,91.0,3.24,2
001036,2/8/2014 5:07:00 AM,112.0,57.0,19.0,-4.0,1018.0,90.0,2.52,2
001036,2/8/2014 7:06:00 AM,118.0,63.0,20.0,-5.0,1019.0,93.0,5.76,2
001036,2/8/2014 8:06:00 AM,110.0,60.0,20.0,-5.0,1020.0,95.0,2.88,2
001036,2/8/2014 9:07:00 AM,108.0,60.0,20.0,-6.0,1021.0,93.0,4.32,2
001036,2/8/2014 10:08:00 AM,116.0,67.0,22.0,-2.0,1022.0,81.0,2.88,2
001036,2/8/2014 11:07:00 AM,148.0,82.0,21.0,0.0,1022.0,41.0,16.56,2
001036,2/8/2014 12:07:00 PM,162.0,89.0,23.0,0.0,1021.0,34.0,21.6,2
001036,2/8/2014 1:07:00 PM,110.0,42.0,23.0,1.0,1021.0,34.0,24.48,2
001036,2/8/2014 2:07:00 PM,58.0,6.0,19.0,1.0,1021.0,35.0,22.32,2
001036,2/8/2014 3:08:00 PM,4.0,6.0,17.0,1.0,1021.0,34.0,23.76,2
001036,2/8/2014 4:08:00 PM,8.0,6.0,17.0,1.0,1022.0,33.0,30.6,2
001036,2/8/2014 6:07:00 PM,14.0,6.0,14.0,-1.0,1023.0,36.0,19.08,2
001036,2/8/2014 7:08:00 PM,8.0,6.0,13.0,-2.0,1025.0,34.0,25.56,2
001036,2/8/2014 8:07:00 PM,14.0,6.0,15.0,-4.0,1026.0,36.0,21.96,2
001036,2/8/2014 9:07:00 PM,8.0,6.0,12.0,-5.0,1028.0,34.0,21.96,2
001036,2/8/2014 10:08:00 PM,10.0,36.0,13.0,-6.0,1028.0,38.0,21.6,2
001036,2/8/2014 11:07:00 PM,8.0,11.0,10.0,-7.0,1029.0,41.0,20.88,2
