001025,11/5/2013 11:29:00 PM,217.0,121.0,50.0,5.0,1019.0,76.0,2.0,2
001025,11/5/2013 11:51:00 PM,206.0,110.0,44.0,5.0,1019.0,76.0,4.0,2
001025,11/6/2013 12:01:00 AM,206.0,110.0,44.0,5.0,1019.0,76.0,4.0,2
001025,11/6/2013 3:00:00 PM,31.0,71.0,6.0,18.0,1015.0,8.0,22.0,2
001025,11/6/2013 9:00:00 PM,8.0,64.0,5.0,13.0,1019.0,12.0,20.0,2
001025,11/6/2013 11:00:00 PM,15.0,57.0,4.0,10.0,1022.0,20.0,11.0,2
001025,11/7/2013 1:00:00 AM,8.0,15.0,5.0,10.0,1022.0,20.0,13.0,2
001025,11/7/2013 2:00:00 AM,10.0,27.0,5.0,8.0,1022.0,25.0,7.0,2
001025,11/7/2013 3:00:00 AM,7.0,10.0,5.0,9.0,1022.0,24.0,11.0,2
001025,11/7/2013 4:00:00 AM,7.0,15.0,9.0,8.0,1022.0,25.0,13.0,2
001025,11/7/2013 6:00:00 AM,4.0,6.0,8.0,7.0,1022.0,27.0,9.0,2
001025,11/7/2013 7:00:00 AM,12.0,20.0,12.0,5.0,1022.0,36.0,2.0,2
001025,11/7/2013 8:00:00 AM,20.0,31.0,22.0,3.0,1022.0,48.0,2.0,2
001025,11/7/2013 9:00:00 AM,44.0,101.0,28.0,2.0,1023.0,52.0,4.0,2
001025,11/7/2013 10:00:00 AM,67.0,95.0,26.0,11.0,1023.0,21.0,2.0,2
001025,11/7/2013 11:00:00 AM,56.0,63.0,23.0,11.0,1023.0,19.0,4.0,2
001025,11/7/2013 12:00:00 PM,30.0,50.0,14.0,12.0,1022.0,14.0,7.0,2
001025,11/7/2013 1:00:00 PM,50.0,65.0,17.0,13.0,1022.0,13.0,7.0,2
001025,11/7/2013 2:00:00 PM,48.0,65.0,12.0,14.0,1021.0,12.0,9.0,2
001025,11/7/2013 4:03:00 PM,53.0,72.0,15.0,14.0,1019.0,13.0,13.0,2
001025,11/7/2013 5:40:00 PM,60.0,68.0,23.0,14.0,1018.0,14.0,9.0,2
001025,11/7/2013 6:13:00 PM,60.0,68.0,23.0,10.0,1018.0,22.0,7.0,2
001025,11/7/2013 7:10:00 PM,86.0,90.0,37.0,10.0,1019.0,26.0,4.0,2
001025,11/7/2013 8:09:00 PM,121.0,135.0,40.0,6.0,1019.0,46.0,2.0,2
001025,11/7/2013 9:13:00 PM,120.0,123.0,36.0,5.0,1019.0,49.0,2.0,2
001025,11/7/2013 10:11:00 PM,107.0,91.0,32.0,4.0,1020.0,52.0,2.0,2
001025,11/7/2013 11:21:00 PM,86.0,79.0,31.0,4.0,1020.0,52.0,2.0,2
001025,11/8/2013 12:16:00 AM,81.0,68.0,29.0,4.0,1020.0,49.0,4.0,2
001025,11/8/2013 1:17:00 AM,66.0,60.0,25.0,2.0,1020.0,56.0,2.0,2
001025,11/8/2013 3:17:00 AM,68.0,62.0,23.0,2.0,1021.0,65.0,2.0,2
001025,11/8/2013 4:16:00 AM,63.0,52.0,22.0,0.0,1021.0,64.0,4.0,2
001025,11/8/2013 5:17:00 AM,63.0,57.0,10.0,1.0,1021.0,70.0,4.0,2
001025,11/8/2013 6:17:00 AM,60.0,46.0,16.0,0.0,1021.0,75.0,2.0,2
001025,11/8/2013 8:11:00 AM,63.0,56.0,20.0,0.0,1021.0,75.0,2.0,2
001025,11/8/2013 9:09:00 AM,65.0,65.0,21.0,0.0,1021.0,75.0,4.0,2
001025,11/8/2013 10:09:00 AM,70.0,67.0,20.0,6.0,1022.0,57.0,4.0,2
001025,11/8/2013 11:13:00 AM,93.0,81.0,24.0,9.0,1022.0,40.0,4.0,2
001025,11/8/2013 2:26:00 PM,147.0,99.0,36.0,13.0,1020.0,33.0,2.0,3
001025,11/8/2013 3:09:00 PM,151.0,93.0,41.0,14.0,1019.0,29.0,7.0,3
001025,11/8/2013 4:09:00 PM,167.0,93.0,46.0,14.0,1019.0,29.0,4.0,3
001025,11/8/2013 5:11:00 PM,185.0,110.0,55.0,13.0,1018.0,31.0,2.0,3
001025,11/8/2013 6:09:00 PM,191.0,127.0,60.0,11.0,1019.0,41.0,2.0,2
001025,11/8/2013 7:09:00 PM,211.0,152.0,58.0,7.0,1019.0,57.0,2.0,2
001025,11/8/2013 10:09:00 PM,197.0,123.0,50.0,7.0,1020.0,61.0,2.0,2
001025,11/8/2013 11:10:00 PM,201.0,108.0,48.0,8.0,1021.0,62.0,2.0,2
001025,11/9/2013 1:09:00 AM,190.0,99.0,48.0,6.0,1021.0,66.0,2.0,2
001025,11/9/2013 2:08:00 AM,188.0,102.0,48.0,6.0,1021.0,61.0,4.0,2
001025,11/9/2013 3:12:00 AM,177.0,96.0,47.0,6.0,1021.0,61.0,4.0,2
001025,11/9/2013 4:08:00 AM,178.0,96.0,48.0,6.0,1021.0,61.0,4.0,2
001025,11/9/2013 5:10:00 AM,175.0,94.0,47.0,6.0,1021.0,61.0,4.0,2
001025,11/9/2013 6:09:00 AM,177.0,93.0,46.0,6.0,1021.0,61.0,4.0,2
001025,11/9/2013 7:09:00 AM,178.0,98.0,46.0,6.0,1021.0,61.0,4.0,2
001025,11/9/2013 8:11:00 AM,171.0,102.0,43.0,6.0,1021.0,61.0,4.0,2
001025,11/9/2013 9:09:00 AM,172.0,95.0,42.0,6.0,1021.0,61.0,4.0,2
001025,11/9/2013 10:12:00 AM,175.0,100.0,40.0,6.0,1021.0,61.0,4.0,2
001025,11/9/2013 11:09:00 AM,180.0,104.0,40.0,6.0,1021.0,61.0,4.0,2
001025,11/9/2013 12:09:00 PM,181.0,108.0,39.0,6.0,1021.0,61.0,4.0,5
001025,11/9/2013 1:12:00 PM,158.0,85.0,37.0,14.0,1022.0,31.0,9.0,5
001025,11/9/2013 2:10:00 PM,105.0,84.0,25.0,15.0,1022.0,25.0,7.0,5
001025,11/9/2013 3:09:00 PM,86.0,63.0,26.0,16.0,1022.0,20.0,11.0,5
001025,11/9/2013 4:11:00 PM,67.0,50.0,20.0,16.0,1022.0,19.0,9.0,5
001025,11/9/2013 5:09:00 PM,32.0,40.0,9.0,14.0,1023.0,23.0,4.0,5
001025,11/9/2013 6:09:00 PM,24.0,53.0,7.0,12.0,1024.0,26.0,7.0,2
001025,11/9/2013 7:12:00 PM,10.0,50.0,7.0,13.0,1025.0,18.0,13.0,2
001025,11/9/2013 8:09:00 PM,14.0,50.0,5.0,13.0,1027.0,15.0,22.0,2
001025,11/9/2013 9:09:00 PM,12.0,75.0,4.0,11.0,1028.0,18.0,29.0,2
001025,11/9/2013 10:09:00 PM,8.0,26.0,4.0,10.0,1030.0,19.0,16.0,2
001025,11/9/2013 11:09:00 PM,4.0,6.0,4.0,9.0,1030.0,17.0,20.0,2
001025,11/10/2013 12:09:00 AM,4.0,6.0,4.0,7.0,1031.0,11.0,22.0,2
001025,11/10/2013 1:09:00 AM,15.0,6.0,2.0,6.0,1032.0,7.0,20.0,2
001025,11/10/2013 2:09:00 AM,7.0,6.0,2.0,3.0,1033.0,9.0,20.0,2
001025,11/10/2013 3:09:00 AM,7.0,6.0,2.0,2.0,1034.0,7.0,22.0,2
001025,11/10/2013 4:09:00 AM,10.0,6.0,2.0,2.0,1033.0,7.0,22.0,2
001025,11/10/2013 6:15:00 AM,4.0,15.0,1.0,0.0,1033.0,11.0,13.0,2
001025,11/10/2013 7:16:00 AM,7.0,23.0,1.0,1.0,1032.0,10.0,18.0,2
001025,11/10/2013 8:16:00 AM,12.0,45.0,2.0,1.0,1032.0,10.0,13.0,2
001025,11/10/2013 10:16:00 AM,8.0,42.0,3.0,3.0,1032.0,9.0,16.0,2
001025,11/10/2013 11:09:00 AM,8.0,35.0,2.0,5.0,1032.0,6.0,16.0,2
001025,11/10/2013 12:09:00 PM,14.0,43.0,2.0,7.0,1030.0,5.0,16.0,2
001025,11/10/2013 1:09:00 PM,10.0,31.0,3.0,8.0,1028.0,5.0,18.0,2
001025,11/10/2013 2:12:00 PM,10.0,34.0,2.0,8.0,1027.0,5.0,18.0,2
001025,11/10/2013 3:09:00 PM,15.0,45.0,2.0,10.0,1025.0,6.0,22.0,2
001025,11/10/2013 4:09:00 PM,14.0,49.0,4.0,10.0,1024.0,6.0,20.0,2
001025,11/10/2013 5:09:00 PM,17.0,39.0,4.0,10.0,1024.0,6.0,18.0,2
001025,11/10/2013 6:09:00 PM,10.0,30.0,6.0,10.0,1024.0,8.0,13.0,2
001025,11/10/2013 7:09:00 PM,12.0,30.0,11.0,10.0,1024.0,7.0,13.0,2
001025,11/10/2013 8:11:00 PM,27.0,69.0,25.0,8.0,1025.0,11.0,9.0,2
001025,11/10/2013 9:09:00 PM,68.0,72.0,28.0,8.0,1026.0,13.0,11.0,2
001025,11/10/2013 10:09:00 PM,60.0,85.0,34.0,3.0,1027.0,20.0,4.0,2
001025,11/10/2013 11:11:00 PM,12.0,21.0,11.0,3.0,1028.0,24.0,7.0,2
001025,11/11/2013 12:09:00 AM,11.0,26.0,5.0,3.0,1029.0,26.0,2.0,2
001025,11/11/2013 1:09:00 AM,8.0,20.0,9.0,1.0,1030.0,38.0,4.0,2
001025,11/11/2013 2:09:00 AM,7.0,13.0,5.0,0.0,1030.0,44.0,4.0,2
001025,11/11/2013 4:10:00 AM,25.0,68.0,29.0,1.0,1031.0,38.0,7.0,2
001025,11/11/2013 5:09:00 AM,27.0,59.0,14.0,1.0,1031.0,32.0,4.0,2
001025,11/11/2013 6:09:00 AM,11.0,12.0,16.0,0.0,1031.0,48.0,4.0,2
001025,11/11/2013 7:09:00 AM,5.0,10.0,4.0,-2.0,1030.0,51.0,4.0,2
001025,11/11/2013 8:09:00 AM,4.0,18.0,3.0,-1.0,1031.0,47.0,4.0,2
001025,11/11/2013 9:11:00 AM,5.0,22.0,5.0,0.0,1031.0,51.0,7.0,2
001025,11/11/2013 11:14:00 AM,12.0,21.0,3.0,11.0,1031.0,14.0,9.0,2
001025,11/11/2013 12:09:00 PM,13.0,30.0,7.0,11.0,1031.0,14.0,9.0,2
001025,11/11/2013 1:11:00 PM,13.0,15.0,12.0,11.0,1031.0,14.0,9.0,2
001025,11/11/2013 2:19:00 PM,34.0,44.0,17.0,13.0,1027.0,12.0,9.0,2
001025,11/11/2013 3:14:00 PM,52.0,61.0,15.0,13.0,1026.0,12.0,9.0,2
001025,11/11/2013 4:09:00 PM,48.0,61.0,15.0,13.0,1025.0,13.0,11.0,2
001025,11/11/2013 5:09:00 PM,56.0,70.0,18.0,12.0,1025.0,15.0,13.0,2
001025,11/11/2013 6:09:00 PM,76.08136683498898,73.7904594121246,22.45245951696837,-23.849193001326768,1035.7970242436243,-4.231664149270806,6.956800870237548,7
001025,11/11/2013 7:09:00 PM,83.0,82.0,37.0,7.0,1025.0,23.0,4.0,2
001025,11/11/2013 8:09:00 PM,95.0,104.0,37.0,7.0,1024.0,27.0,4.0,2
001025,11/11/2013 9:09:00 PM,91.0,93.0,34.0,6.0,1025.0,29.0,2.0,2
001025,11/11/2013 10:11:00 PM,97.0,96.0,31.0,2.0,1025.0,48.0,2.0,2
001025,11/11/2013 11:09:00 PM,107.0,108.0,30.0,2.0,1025.0,56.0,2.0,2
001025,11/12/2013 12:09:00 AM,111.0,109.0,29.0,2.0,1025.0,56.0,2.0,2
001025,11/12/2013 1:09:00 AM,101.0,94.0,27.0,-1.0,1025.0,64.0,4.0,2
001025,11/12/2013 2:09:00 AM,92.0,90.0,25.0,0.0,1025.0,60.0,2.0,2
001025,11/12/2013 3:09:00 AM,91.0,88.0,25.0,-1.0,1026.0,69.0,2.0,2
001025,11/12/2013 4:09:00 AM,85.0,85.0,24.0,0.0,1025.0,69.0,2.0,2
001025,11/12/2013 5:09:00 AM,83.0,78.0,22.0,-1.0,1025.0,69.0,4.0,2
001025,11/12/2013 6:09:00 AM,72.0,79.0,22.0,1.0,1025.0,60.0,2.0,2
001025,11/12/2013 7:09:00 AM,57.0,68.0,21.0,-2.0,1025.0,69.0,7.0,2
001025,11/12/2013 8:10:00 AM,63.0,76.0,22.0,1.0,1026.0,56.0,7.0,2
001025,11/12/2013 9:13:00 AM,98.0,110.0,26.0,4.0,1026.0,49.0,4.0,2
001025,11/12/2013 10:11:00 AM,122.0,124.0,32.0,8.0,1026.0,34.0,4.0,2
001025,11/12/2013 11:16:00 AM,116.0,117.0,35.0,11.0,1027.0,24.0,4.0,2
001025,11/12/2013 12:09:00 PM,38.0,51.0,11.0,14.0,1026.0,20.0,4.0,2
001025,11/12/2013 1:21:00 PM,17.0,34.0,11.0,15.0,1025.0,17.0,4.0,2
001025,11/12/2013 2:16:00 PM,20.0,35.0,13.0,16.0,1024.0,16.0,4.0,2
001025,11/12/2013 3:14:00 PM,22.0,41.0,14.0,15.0,1023.0,17.0,4.0,2
001025,11/12/2013 4:12:00 PM,37.0,53.0,22.0,16.0,1023.0,17.0,4.0,2
001025,11/12/2013 5:10:00 PM,60.0,62.0,30.0,14.0,1023.0,18.0,2.0,2
001025,11/12/2013 6:09:00 PM,61.0,63.0,33.0,11.0,1023.0,24.0,2.0,2
001025,11/12/2013 7:08:00 PM,72.0,76.0,38.0,7.0,1023.0,39.0,2.0,2
001025,11/12/2013 8:08:00 PM,131.0,145.0,43.0,7.0,1024.0,43.0,4.0,2
001025,11/12/2013 9:09:00 PM,117.0,115.0,40.0,8.0,1024.0,34.0,4.0,2
001025,11/12/2013 10:09:00 PM,145.0,135.0,41.0,8.0,1025.0,37.0,4.0,2
001025,11/12/2013 11:09:00 PM,154.0,122.0,36.0,8.0,1025.0,37.0,4.0,2
001025,11/13/2013 12:10:00 AM,130.0,102.0,34.0,7.0,1025.0,39.0,4.0,2
001025,11/13/2013 1:08:00 AM,137.0,101.0,33.0,4.0,1025.0,52.0,4.0,2
001025,11/13/2013 2:09:00 AM,130.0,92.0,32.0,4.0,1025.0,56.0,4.0,2
001025,11/13/2013 3:09:00 AM,100.0,72.0,28.0,3.0,1024.0,60.0,2.0,2
001025,11/13/2013 4:10:00 AM,81.0,66.0,27.0,3.0,1024.0,65.0,2.0,2
001025,11/13/2013 5:08:00 AM,90.0,69.0,28.0,2.0,1023.0,70.0,2.0,2
001025,11/13/2013 6:09:00 AM,85.0,68.0,27.0,3.0,1023.0,70.0,2.0,2
001025,11/13/2013 7:12:00 AM,95.0,76.0,30.0,1.0,1023.0,75.0,2.0,2
001025,11/13/2013 8:10:00 AM,110.0,80.0,32.0,2.0,1023.0,75.0,2.0,1
001025,11/13/2013 9:12:00 AM,87.0,77.0,27.0,4.0,1023.0,75.0,2.0,1
001025,11/13/2013 10:25:00 AM,100.0,86.0,30.0,5.0,1023.0,65.0,2.0,1
001025,11/13/2013 11:11:00 AM,126.0,104.0,37.0,6.0,1023.0,61.0,2.0,1
001025,11/13/2013 12:09:00 PM,162.0,120.0,44.0,7.0,1022.0,53.0,2.0,5
001025,11/13/2013 1:09:00 PM,165.0,107.0,47.0,8.0,1021.0,53.0,2.0,5
001025,11/13/2013 2:14:00 PM,164.0,101.0,48.0,8.0,1020.0,50.0,2.0,5
001025,11/13/2013 3:09:00 PM,165.0,97.0,48.0,9.0,1019.0,46.0,2.0,5
001025,11/13/2013 4:09:00 PM,177.0,100.0,49.0,9.0,1019.0,50.0,2.0,5
001025,11/13/2013 5:10:00 PM,197.0,118.0,57.0,9.0,1018.0,50.0,2.0,5
001025,11/13/2013 6:09:00 PM,246.0,155.0,72.0,7.0,1018.0,61.0,2.0,2
001025,11/13/2013 7:09:00 PM,282.0,187.0,70.0,5.0,1018.0,65.0,4.0,2
001025,11/13/2013 10:09:00 PM,222.0,130.0,35.0,4.0,1019.0,75.0,2.0,2
001025,11/13/2013 11:09:00 PM,219.0,128.0,36.0,4.0,1019.0,70.0,4.0,2
001025,11/14/2013 12:09:00 AM,204.0,120.0,37.0,5.0,1019.0,65.0,4.0,2
001025,11/14/2013 1:08:00 AM,202.0,117.0,35.0,4.0,1019.0,65.0,4.0,2
001025,11/14/2013 2:09:00 AM,209.0,126.0,32.0,2.0,1019.0,65.0,7.0,2
001025,11/14/2013 3:09:00 AM,168.0,104.0,31.0,1.0,1019.0,70.0,9.0,2
001025,11/14/2013 4:09:00 AM,160.0,104.0,29.0,3.0,1019.0,65.0,4.0,2
001025,11/14/2013 5:10:00 AM,115.0,82.0,14.0,2.0,1019.0,75.0,9.0,2
001025,11/14/2013 6:11:00 AM,51.0,65.0,16.0,0.0,1019.0,69.0,4.0,2
001025,11/14/2013 7:09:00 AM,31.0,56.0,15.0,4.0,1019.0,52.0,4.0,2
001025,11/14/2013 8:10:00 AM,18.0,50.0,16.0,4.0,1019.0,42.0,7.0,2
001025,11/14/2013 9:08:00 AM,34.0,60.0,21.0,7.0,1020.0,31.0,4.0,2
001025,11/14/2013 10:08:00 AM,25.0,56.0,21.0,10.0,1020.0,22.0,11.0,2
001025,11/14/2013 11:11:00 AM,18.0,50.0,8.0,10.0,1020.0,20.0,13.0,2
001025,11/14/2013 12:09:00 PM,18.0,57.0,6.0,12.0,1020.0,15.0,13.0,2
001025,11/14/2013 1:09:00 PM,20.0,62.0,5.0,13.0,1018.0,13.0,20.0,2
001025,11/14/2013 2:09:00 PM,25.0,52.0,6.0,14.0,1018.0,12.0,18.0,2
001025,11/14/2013 3:08:00 PM,20.0,43.0,6.0,14.0,1017.0,12.0,18.0,2
001025,11/14/2013 4:09:00 PM,12.0,48.0,5.0,14.0,1017.0,11.0,20.0,2
001025,11/14/2013 5:09:00 PM,22.0,55.0,9.0,14.0,1017.0,11.0,20.0,2
001025,11/14/2013 6:10:00 PM,71.0,84.0,34.0,13.0,1017.0,12.0,9.0,2
001025,11/14/2013 7:09:00 PM,93.0,110.0,45.0,12.0,1018.0,18.0,7.0,2
001025,11/14/2013 8:08:00 PM,117.0,139.0,45.0,11.0,1018.0,21.0,7.0,2
001025,11/14/2013 9:08:00 PM,128.0,147.0,41.0,8.0,1018.0,27.0,2.0,2
001025,11/14/2013 10:09:00 PM,110.0,117.0,35.0,6.0,1018.0,31.0,2.0,2
001025,11/14/2013 11:09:00 PM,96.0,99.0,32.0,10.0,1019.0,24.0,4.0,2
001025,11/15/2013 12:12:00 AM,62.0,76.0,30.0,9.0,1019.0,25.0,4.0,2
001025,11/15/2013 1:08:00 AM,63.0,78.0,30.0,2.0,1019.0,56.0,4.0,2
001025,11/15/2013 2:08:00 AM,41.0,60.0,19.0,2.0,1019.0,56.0,2.0,2
001025,11/15/2013 3:09:00 AM,41.0,64.0,24.0,0.0,1019.0,64.0,2.0,2
001025,11/15/2013 4:09:00 AM,35.0,59.0,19.0,1.0,1019.0,60.0,2.0,2
001025,11/15/2013 5:08:00 AM,55.0,69.0,27.0,-1.0,1019.0,69.0,2.0,2
001025,11/15/2013 6:08:00 AM,45.0,60.0,24.0,-2.0,1019.0,74.0,4.0,2
001025,11/15/2013 7:09:00 AM,38.0,60.0,22.0,-1.0,1019.0,75.0,2.0,2
001025,11/15/2013 9:09:00 AM,62.0,86.0,29.0,0.0,1019.0,69.0,4.0,2
001025,11/15/2013 10:09:00 AM,62.0,88.0,27.0,6.0,1019.0,49.0,2.0,2
001025,11/15/2013 11:15:00 AM,57.0,83.0,20.0,8.0,1019.0,34.0,4.0,2
001025,11/15/2013 12:10:00 PM,58.0,94.0,21.0,11.0,1019.0,26.0,2.0,2
001025,11/15/2013 1:08:00 PM,70.0,97.0,26.0,13.0,1017.0,18.0,2.0,2
001025,11/15/2013 2:09:00 PM,86.0,99.0,33.0,16.0,1016.0,13.0,4.0,2
001025,11/15/2013 3:09:00 PM,82.0,88.0,28.0,16.0,1014.0,13.0,4.0,2
001025,11/15/2013 4:09:00 PM,91.0,95.0,33.0,16.0,1015.0,13.0,11.0,2
001025,11/15/2013 5:09:00 PM,91.0,91.0,31.0,15.0,1015.0,15.0,9.0,2
001025,11/15/2013 6:09:00 PM,90.0,103.0,41.0,13.0,1015.0,17.0,9.0,2
001025,11/15/2013 7:11:00 PM,118.0,141.0,49.0,13.0,1015.0,17.0,7.0,2
001025,11/15/2013 8:09:00 PM,168.0,170.0,50.0,12.0,1015.0,18.0,7.0,2
001025,11/15/2013 9:09:00 PM,168.0,156.0,44.0,7.0,1015.0,31.0,2.0,2
001025,11/15/2013 10:09:00 PM,148.0,142.0,43.0,6.0,1015.0,39.0,2.0,2
001025,11/15/2013 11:10:00 PM,127.0,117.0,42.0,5.0,1016.0,45.0,2.0,2
001025,11/16/2013 12:09:00 AM,103.0,89.0,42.0,3.0,1015.0,48.0,2.0,2
001025,11/16/2013 1:09:00 AM,106.0,96.0,37.0,4.0,1015.0,49.0,2.0,2
001025,11/16/2013 2:09:00 AM,92.0,92.0,35.0,3.0,1014.0,52.0,4.0,2
001025,11/16/2013 3:15:00 AM,94.0,91.0,16.0,3.0,1014.0,56.0,2.0,2
001025,11/16/2013 4:08:00 AM,117.0,138.0,20.0,3.0,1014.0,56.0,2.0,2
001025,11/16/2013 5:08:00 AM,127.0,183.0,5.0,7.0,1014.0,37.0,4.0,2
001025,11/16/2013 6:08:00 AM,97.0,179.0,4.0,8.0,1014.0,32.0,7.0,2
001025,11/16/2013 7:09:00 AM,68.0,83.0,4.0,10.0,1015.0,26.0,22.0,2
001025,11/16/2013 8:09:00 AM,38.0,65.0,4.0,10.0,1016.0,24.0,22.0,2
001025,11/16/2013 9:09:00 AM,25.0,51.0,6.0,10.0,1017.0,24.0,20.0,2
001025,11/16/2013 10:10:00 AM,5.0,46.0,5.0,10.0,1018.0,24.0,22.0,2
001025,11/16/2013 11:09:00 AM,4.0,48.0,4.0,12.0,1018.0,18.0,27.0,2
001025,11/16/2013 12:11:00 PM,8.0,87.0,3.0,12.0,1019.0,16.0,29.0,2
001025,11/16/2013 1:09:00 PM,10.0,58.0,4.0,13.0,1018.0,14.0,27.0,2
001025,11/16/2013 2:09:00 PM,4.0,45.0,3.0,12.0,1018.0,13.0,31.0,2
001025,11/16/2013 3:09:00 PM,7.0,51.0,3.0,12.0,1019.0,12.0,31.0,2
001025,11/16/2013 4:10:00 PM,4.0,41.0,3.0,11.0,1020.0,14.0,29.0,2
001025,11/16/2013 5:09:00 PM,4.0,35.0,3.0,11.0,1020.0,13.0,27.0,2
001025,11/16/2013 6:09:00 PM,4.0,28.0,3.0,8.0,1022.0,18.0,27.0,2
001025,11/16/2013 7:13:00 PM,5.0,22.0,5.0,8.0,1023.0,18.0,27.0,2
001025,11/16/2013 8:09:00 PM,4.0,16.0,6.0,7.0,1024.0,20.0,27.0,2
001025,11/16/2013 9:09:00 PM,4.0,16.0,7.0,7.0,1025.0,20.0,22.0,2
001025,11/16/2013 10:09:00 PM,4.0,9.0,3.0,6.0,1025.0,21.0,11.0,2
001025,11/16/2013 11:09:00 PM,4.0,10.0,3.0,6.0,1025.0,21.0,13.0,2
001025,11/17/2013 12:09:00 AM,4.0,6.0,7.0,6.0,1024.0,23.0,11.0,2
001025,11/17/2013 1:09:00 AM,4.0,7.0,11.0,3.0,1024.0,28.0,4.0,2
001025,11/17/2013 2:09:00 AM,5.0,16.0,19.0,2.0,1023.0,35.0,2.0,2
001025,11/17/2013 5:08:00 AM,15.0,25.0,10.0,-2.0,1022.0,64.0,2.0,2
001025,11/17/2013 6:08:00 AM,31.0,59.0,21.0,-2.0,1022.0,64.0,2.0,2
001025,11/17/2013 7:09:00 AM,31.0,74.0,22.0,1.0,1023.0,44.0,9.0,2
001025,11/17/2013 8:09:00 AM,44.0,79.0,25.0,-1.0,1024.0,47.0,7.0,2
001025,11/17/2013 9:09:00 AM,15.0,33.0,11.0,2.0,1025.0,38.0,4.0,2
001025,11/17/2013 10:10:00 AM,4.0,11.0,3.0,6.0,1025.0,25.0,7.0,2
001025,11/17/2013 11:09:00 AM,4.0,14.0,3.0,9.0,1025.0,16.0,7.0,2
001025,11/17/2013 12:09:00 PM,7.0,11.0,2.0,9.0,1025.0,12.0,16.0,2
001025,11/17/2013 1:09:00 PM,5.0,32.0,2.0,10.0,1024.0,11.0,25.0,2
001025,11/17/2013 2:09:00 PM,4.0,42.0,2.0,9.0,1023.0,10.0,29.0,2
001025,11/17/2013 3:09:00 PM,4.0,50.0,2.0,10.0,1023.0,10.0,22.0,2
001025,11/17/2013 4:10:00 PM,5.0,34.0,3.0,10.0,1023.0,11.0,20.0,2
001025,11/17/2013 5:09:00 PM,12.0,59.0,2.0,9.0,1024.0,12.0,18.0,2
001025,11/17/2013 6:09:00 PM,4.0,38.0,3.0,7.0,1025.0,13.0,27.0,2
001025,11/17/2013 7:09:00 PM,4.0,30.0,4.0,7.0,1025.0,12.0,25.0,2
001025,11/17/2013 8:10:00 PM,8.0,23.0,6.0,6.0,1026.0,14.0,16.0,2
001025,11/17/2013 9:09:00 PM,4.0,20.0,4.0,5.0,1027.0,16.0,11.0,2
001025,11/17/2013 10:09:00 PM,4.0,14.0,3.0,4.0,1027.0,19.0,11.0,2
001025,11/17/2013 11:09:00 PM,4.0,8.0,2.0,4.0,1027.0,21.0,11.0,2
001025,11/18/2013 12:09:00 AM,4.0,8.0,7.0,4.0,1027.0,24.0,9.0,2
001025,11/18/2013 1:09:00 AM,5.0,6.0,4.0,3.0,1027.0,28.0,11.0,2
001025,11/18/2013 2:09:00 AM,4.0,6.0,3.0,2.0,1027.0,28.0,4.0,2
001025,11/18/2013 3:09:00 AM,4.0,6.0,3.0,2.0,1027.0,30.0,9.0,2
001025,11/18/2013 4:10:00 AM,4.0,6.0,5.0,2.0,1026.0,30.0,9.0,2
001025,11/18/2013 5:08:00 AM,4.0,6.0,3.0,4.0,1026.0,22.0,18.0,2
001025,11/18/2013 6:09:00 AM,4.0,6.0,3.0,4.0,1026.0,21.0,20.0,2
001025,11/18/2013 7:09:00 AM,4.0,6.0,3.0,3.0,1027.0,20.0,16.0,2
001025,11/18/2013 8:09:00 AM,4.0,9.0,6.0,3.0,1027.0,20.0,18.0,2
001025,11/18/2013 9:09:00 AM,4.0,14.0,6.0,3.0,1028.0,19.0,16.0,2
001025,11/18/2013 10:11:00 AM,7.0,16.0,4.0,5.0,1028.0,18.0,20.0,2
001025,11/18/2013 11:09:00 AM,4.0,25.0,3.0,6.0,1028.0,15.0,18.0,2
001025,11/18/2013 12:08:00 PM,10.0,24.0,6.0,7.0,1028.0,14.0,18.0,2
001025,11/18/2013 1:14:00 PM,7.0,14.0,2.0,8.0,1027.0,12.0,18.0,2
001025,11/18/2013 2:10:00 PM,5.0,16.0,3.0,8.0,1027.0,12.0,18.0,2
001025,11/18/2013 3:12:00 PM,4.0,29.0,3.0,9.0,1025.0,11.0,18.0,2
001025,11/18/2013 4:08:00 PM,5.0,24.0,4.0,9.0,1025.0,11.0,20.0,2
001025,11/18/2013 5:09:00 PM,5.0,33.0,3.0,8.0,1025.0,11.0,18.0,2
001025,11/18/2013 6:10:00 PM,4.0,22.0,5.0,8.0,1025.0,11.0,18.0,2
001025,11/18/2013 7:09:00 PM,10.0,30.0,13.0,4.0,1026.0,17.0,11.0,2
001025,11/18/2013 8:10:00 PM,24.0,67.0,25.0,5.0,1026.0,16.0,18.0,2
001025,11/18/2013 9:08:00 PM,15.0,27.0,17.0,5.0,1027.0,16.0,11.0,2
001025,11/18/2013 10:08:00 PM,14.0,27.0,16.0,5.0,1027.0,16.0,11.0,2
001025,11/18/2013 11:08:00 PM,30.0,48.0,22.0,5.0,1027.0,16.0,11.0,2
001025,11/19/2013 12:08:00 AM,4.0,21.0,12.0,2.0,1028.0,22.0,9.0,2
001025,11/19/2013 1:08:00 AM,10.0,14.0,8.0,1.0,1028.0,23.0,9.0,2
001025,11/19/2013 2:10:00 AM,7.0,12.0,6.0,1.0,1028.0,23.0,9.0,2
001025,11/19/2013 3:08:00 AM,8.0,18.0,13.0,0.0,1027.0,32.0,7.0,2
001025,11/19/2013 4:08:00 AM,10.0,20.0,18.0,0.0,1027.0,32.0,9.0,2
001025,11/19/2013 5:08:00 AM,18.0,30.0,20.0,0.0,1026.0,32.0,7.0,2
001025,11/19/2013 6:08:00 AM,28.0,50.0,21.0,0.0,1026.0,32.0,7.0,2
001025,11/19/2013 7:08:00 AM,40.0,65.0,22.0,-1.0,1026.0,34.0,4.0,2
001025,11/19/2013 8:10:00 AM,47.0,58.0,21.0,-1.0,1027.0,34.0,4.0,2
001025,11/19/2013 9:09:00 AM,60.0,73.0,22.0,0.0,1027.0,32.0,2.0,2
001025,11/19/2013 10:11:00 AM,72.0,73.0,23.0,2.0,1027.0,24.0,11.0,2
001025,11/19/2013 11:11:00 AM,22.0,32.0,17.0,3.0,1027.0,20.0,9.0,2
001025,11/19/2013 12:09:00 PM,28.0,40.0,18.0,5.0,1026.0,16.0,4.0,2
001025,11/19/2013 1:08:00 PM,30.0,32.0,17.0,6.0,1025.0,15.0,4.0,2
001025,11/19/2013 2:11:00 PM,37.0,38.0,18.0,6.0,1024.0,15.0,4.0,2
001025,11/19/2013 3:12:00 PM,58.0,51.0,23.0,7.0,1023.0,14.0,4.0,2
001025,11/19/2013 4:11:00 PM,68.0,54.0,25.0,8.0,1022.0,12.0,2.0,2
001025,11/19/2013 5:10:00 PM,80.0,62.0,29.0,7.0,1022.0,14.0,2.0,2
001025,11/19/2013 6:10:00 PM,100.0,80.0,34.0,5.0,1022.0,19.0,2.0,2
001025,11/19/2013 7:09:00 PM,116.0,94.0,36.0,2.0,1023.0,28.0,2.0,2
001025,11/19/2013 8:09:00 PM,126.0,93.0,35.0,5.0,1023.0,19.0,4.0,2
001025,11/19/2013 9:09:00 PM,128.0,86.0,33.0,5.0,1023.0,23.0,7.0,2
001025,11/19/2013 10:09:00 PM,125.0,83.0,33.0,5.0,1023.0,24.0,4.0,2
001025,11/19/2013 11:10:00 PM,110.0,73.0,34.0,-1.0,1023.0,51.0,4.0,2
001025,11/20/2013 12:09:00 AM,95.0,62.0,33.0,-1.0,1023.0,40.0,2.0,2
001025,11/20/2013 1:08:00 AM,90.0,60.0,33.0,-1.0,1023.0,51.0,2.0,2
001025,11/20/2013 2:09:00 AM,110.0,74.0,32.0,-2.0,1023.0,59.0,2.0,2
001025,12/9/2013 5:11:00 PM,4.0,6.0,4.0,6.0,1022.0,15.0,16.0,2
001025,12/9/2013 5:27:00 PM,4.0,6.0,4.0,6.0,1022.0,15.0,16.0,2
001025,12/9/2013 6:19:00 PM,8.0,6.0,7.0,5.0,1022.0,16.0,11.0,2
001025,12/9/2013 7:22:00 PM,4.0,6.0,9.0,2.0,1022.0,22.0,4.0,2
001025,12/10/2013 2:36:00 AM,66.0,57.0,21.0,-4.0,1022.0,46.0,4.0,2
001025,12/10/2013 3:16:00 AM,66.0,57.0,21.0,-6.0,1021.0,58.0,4.0,2
001025,12/10/2013 4:16:00 AM,41.0,18.0,17.0,-6.0,1021.0,54.0,7.0,2
001025,12/10/2013 5:16:00 AM,30.0,17.0,14.0,-4.0,1020.0,54.0,4.0,2
001025,12/10/2013 6:18:00 AM,25.0,19.0,12.0,-5.0,1019.0,54.0,4.0,2
001025,12/10/2013 7:20:00 AM,30.0,21.0,16.0,-5.0,1019.0,54.0,4.0,2
001025,12/10/2013 8:19:00 AM,30.0,28.0,19.0,-4.0,1019.0,54.0,4.0,2
001025,12/10/2013 10:25:00 AM,41.0,52.0,20.0,-2.0,1019.0,51.0,4.0,2
001025,12/10/2013 11:16:00 AM,45.855716896498656,37.44988245209746,24.963696985606187,18.419732352246413,1007.6181607039343,45.759642821569855,-43.400521197875925,7
001025,12/10/2013 12:21:00 PM,48.0,64.0,19.0,0.0,1018.0,32.0,4.0,1
001025,12/10/2013 5:24:00 PM,11.0,78.0,3.0,5.0,1018.0,13.0,25.0,1
001025,12/10/2013 6:15:00 PM,7.0,61.0,3.0,4.0,1019.0,14.0,29.0,2
001025,12/10/2013 7:19:00 PM,14.0,53.0,3.0,3.0,1021.0,15.0,29.0,2
001025,12/10/2013 8:19:00 PM,7.0,48.0,4.0,3.0,1021.0,16.0,34.0,2
001025,12/10/2013 9:19:00 PM,10.0,36.0,4.0,2.0,1022.0,17.0,22.0,2
001025,12/11/2013 2:15:00 AM,10.0,15.0,2.0,1.0,1022.0,18.0,22.0,2
001025,12/11/2013 2:30:00 AM,11.0,11.0,3.0,-1.0,1023.0,23.0,16.0,2
001025,12/11/2013 3:15:00 AM,11.0,11.0,3.0,-1.0,1023.0,23.0,16.0,2
001025,12/11/2013 4:16:00 AM,8.0,10.0,2.0,-2.0,1023.0,25.0,11.0,2
001025,12/11/2013 5:14:00 AM,7.0,6.0,1.0,-2.0,1023.0,25.0,11.0,2
001025,12/11/2013 6:12:00 AM,4.0,6.0,2.0,-2.0,1023.0,25.0,11.0,2
001025,12/11/2013 7:13:00 AM,5.0,6.0,5.0,-2.0,1023.0,25.0,11.0,2
001025,12/11/2013 8:12:00 AM,11.0,18.0,16.0,-2.0,1023.0,25.0,11.0,2
001025,12/11/2013 9:19:00 AM,18.0,42.0,27.0,-5.0,1022.0,39.0,4.0,2
001025,12/11/2013 10:23:00 AM,20.0,53.0,22.0,-5.0,1022.0,39.0,4.0,2
001025,12/11/2013 11:24:00 AM,22.0,30.0,17.0,-5.0,1022.0,39.0,4.0,2
001025,12/11/2013 12:22:00 PM,31.0,54.0,17.0,3.0,1021.0,16.0,13.0,2
001025,12/11/2013 1:22:00 PM,44.0,44.0,15.0,4.0,1019.0,15.0,13.0,2
001025,12/11/2013 2:20:00 PM,35.0,44.0,15.0,6.0,1017.0,13.0,22.0,2
001025,12/11/2013 3:23:00 PM,53.0,51.0,16.0,7.0,1016.0,11.0,18.0,2
001025,12/11/2013 4:22:00 PM,51.0,49.0,14.0,7.0,1016.0,11.0,16.0,2
001025,12/11/2013 5:18:00 PM,50.0,56.0,17.0,7.0,1016.0,12.0,18.0,2
001025,12/11/2013 6:19:00 PM,65.0,65.0,28.0,7.0,1016.0,13.0,13.0,2
001025,12/11/2013 7:20:00 PM,97.0,100.0,35.0,4.0,1017.0,15.0,4.0,2
001025,12/11/2013 8:24:00 PM,111.0,111.0,12.0,3.0,1017.0,20.0,2.0,2
001025,12/11/2013 9:17:00 PM,108.0,86.0,17.0,3.0,1017.0,17.0,4.0,2
001025,12/11/2013 11:23:00 PM,68.0,59.0,17.0,2.0,1017.0,20.0,4.0,2
001025,12/12/2013 1:36:00 AM,61.0,55.0,15.0,1.0,1017.0,22.0,2.0,2
001025,12/12/2013 1:48:00 AM,61.0,55.0,15.0,-2.0,1017.0,31.0,2.0,2
001025,12/12/2013 2:13:00 AM,61.0,55.0,15.0,-2.0,1017.0,31.0,2.0,2
001025,12/12/2013 3:12:00 AM,65.0,57.0,16.0,-2.0,1017.0,31.0,2.0,2
001025,12/12/2013 4:15:00 AM,58.0,53.0,15.0,-2.0,1017.0,31.0,2.0,2
001025,12/12/2013 5:12:00 AM,55.0,52.0,15.0,-2.0,1017.0,31.0,2.0,2
001025,12/12/2013 6:13:00 AM,58.0,71.0,16.0,-2.0,1017.0,31.0,2.0,2
001025,12/12/2013 7:13:00 AM,21.0,35.0,10.0,-2.0,1017.0,31.0,2.0,2
001025,12/12/2013 8:16:00 AM,-0.24127143574649512,15.944017729837803,-27.589654466127065,9.447222767585197,1041.2737909898833,43.775720888247,-18.019202615183463,8
001025,12/12/2013 9:19:00 AM,-18.774245436267773,35.950800867093236,12.531471963206272,-41.10029174932636,1087.2557790857804,12.010710754074832,29.924501096473268,8
001025,12/12/2013 10:19:00 AM,25.4353646718757,15.116901311985803,-15.859141988583357,-0.279143933489145,1054.7002889933578,52.921792332044596,12.365762084619515,8
001025,12/12/2013 11:21:00 AM,28.944537484108828,32.04373918072046,-14.33700007746787,0.952498401256298,1062.3856317406048,16.96903082526698,8.250497863174406,8
001025,12/12/2013 12:16:00 PM,42.46334917709612,45.712439550794414,-1.8014763122693065,-2.059273065236677,1001.2995154659465,35.66024974268205,-26.09461745066679,8
001025,12/12/2013 12:42:00 PM,29.844377312036116,30.202792174804365,-5.238304568891499,-11.585647761175501,997.0564959603497,29.876056390523345,23.176286940566662,8
001025,12/12/2013 1:17:00 PM,23.474894725738856,61.99502240801361,6.172949632745531,-8.931469039954358,984.7335895061552,45.63977131775213,16.075420805060137,8
001025,12/12/2013 2:31:00 PM,22.396331533429734,73.68399672737398,-11.285504632442725,-26.25953235770114,1010.8379092454204,16.868242885982912,50.57946642777419,8
001025,12/13/2013 11:30:00 AM,32.07390916403248,74.24335315073111,-4.240634733986042,8.085539686408035,978.7864985928978,26.672622570932347,-7.53338448605226,8
001025,12/13/2013 12:18:00 PM,32.415174549229306,46.537469688703766,35.279271913319036,-1.4454319110731224,1025.977149201172,24.622748816791113,3.7770619121777917,8
001025,12/13/2013 1:20:00 PM,64.69218814307553,72.08702305424904,-5.700057138055172,1.792504793742323,1025.241168218367,-4.112021609430808,7.473773493213506,8
001025,12/13/2013 2:15:00 PM,21.561646376477686,79.45804421593095,28.151431249862053,-12.114466872695045,961.1539679430288,7.480605834254528,-16.340535034528394,8
001025,12/13/2013 3:17:00 PM,96.03704106163713,52.88194305037891,40.6587383547118,-21.548015321569185,1031.7672346535453,21.335037818104198,-19.81643373139373,8
001025,12/13/2013 4:13:00 PM,84.58325767860246,80.56047578430535,56.8480530280244,15.896627403520434,1004.749329874442,22.388365740395,12.88205106908122,8
001025,12/13/2013 5:14:00 PM,77.13092861116195,90.90841971937627,44.66519627881166,-4.544751323317238,1040.1566473419823,-13.700887181309572,-26.33015580400204,8
001025,12/13/2013 6:16:00 PM,107.66087925258913,92.98311437483379,43.578198626438365,-30.96160556562696,1054.2857095102372,-22.259431415772283,4.419575018755317,8
001025,12/13/2013 7:15:00 PM,156.5309603118388,155.4055761858374,16.198118127989122,23.89802969396586,995.9818069090979,10.085708405425137,-3.9895232150005757,8
001025,12/13/2013 8:14:00 PM,152.0,108.0,16.0,-3.0,1024.0,24.0,7.0,2
001025,12/13/2013 8:37:00 PM,146.0,99.0,19.0,-2.0,1025.0,23.0,4.0,2
001025,12/13/2013 9:15:00 PM,146.0,99.0,19.0,-2.0,1025.0,23.0,4.0,2
001025,12/13/2013 10:32:00 PM,120.0,75.0,20.0,-2.0,1025.0,23.0,4.0,2
001025,12/13/2013 11:32:00 PM,112.0,80.0,22.0,-2.0,1025.0,23.0,4.0,2
001025,12/14/2013 12:36:00 AM,110.0,73.0,21.0,-7.0,1026.0,42.0,9.0,2
001025,12/14/2013 1:35:00 AM,105.0,73.0,21.0,-7.0,1026.0,42.0,4.0,2
001025,12/14/2013 2:34:00 AM,108.0,73.0,20.0,-8.0,1026.0,45.0,7.0,2
001025,12/14/2013 3:14:00 AM,108.0,73.0,20.0,-9.0,1026.0,53.0,7.0,2
001025,12/14/2013 4:13:00 AM,110.0,80.0,20.0,-8.0,1027.0,45.0,7.0,2
001025,12/14/2013 5:14:00 AM,110.0,87.0,9.0,-9.0,1027.0,38.0,2.0,2
001025,12/14/2013 6:14:00 AM,102.0,90.0,21.0,-7.0,1027.0,39.0,2.0,2
001025,12/14/2013 7:15:00 AM,96.0,92.0,23.0,-8.0,1028.0,42.0,9.0,2
001025,12/14/2013 8:14:00 AM,92.0,70.0,23.0,0.0,1029.0,41.0,7.0,2
001025,12/14/2013 9:15:00 AM,81.0,72.0,23.0,-7.0,1029.0,33.0,4.0,2
001025,12/14/2013 10:15:00 AM,80.0,88.0,21.0,-6.0,1030.0,39.0,2.0,2
001025,12/14/2013 11:14:00 AM,57.0,74.0,19.0,0.0,1031.0,14.0,9.0,2
001025,12/14/2013 12:13:00 PM,20.0,24.0,12.0,1.0,1030.0,11.0,9.0,2
001025,12/14/2013 1:15:00 PM,21.0,34.0,10.0,3.0,1029.0,9.0,9.0,2
001025,12/14/2013 2:13:00 PM,97.0,79.0,19.0,3.0,1028.0,8.0,9.0,2
001025,12/14/2013 3:14:00 PM,118.0,78.0,22.0,4.0,1028.0,8.0,7.0,2
001025,12/14/2013 4:14:00 PM,127.0,87.0,24.0,5.0,1028.0,7.0,2.0,2
001025,12/14/2013 5:14:00 PM,148.0,98.0,27.0,4.0,1028.0,9.0,4.0,2
001025,12/14/2013 6:15:00 PM,171.0,117.0,28.0,1.0,1029.0,10.0,2.0,2
001025,12/14/2013 7:14:00 PM,212.0,157.0,29.0,-1.0,1029.0,16.0,4.0,2
001025,12/14/2013 8:15:00 PM,188.0,102.0,28.0,-3.0,1030.0,22.0,2.0,2
001025,12/14/2013 9:35:00 PM,209.0,130.0,27.0,-4.0,1030.0,28.0,2.0,2
001025,12/14/2013 10:31:00 PM,209.0,130.0,27.0,-2.0,1031.0,23.0,2.0,2
001025,12/14/2013 11:36:00 PM,171.0,103.0,25.0,-1.0,1031.0,21.0,7.0,2
001025,12/15/2013 12:37:00 AM,140.0,76.0,23.0,-3.0,1032.0,26.0,4.0,2
001025,12/15/2013 1:29:00 AM,140.0,76.0,23.0,-3.0,1032.0,29.0,4.0,2
001025,12/15/2013 2:33:00 AM,133.0,74.0,22.0,-3.0,1032.0,26.0,2.0,2
001025,12/15/2013 3:14:00 AM,125.0,70.0,20.0,-5.0,1032.0,39.0,2.0,2
001025,12/15/2013 4:13:00 AM,103.0,56.0,19.0,-7.0,1033.0,36.0,7.0,2
001025,12/15/2013 5:14:00 AM,85.0,50.0,17.0,-5.0,1033.0,31.0,11.0,2
001025,12/15/2013 6:13:00 AM,75.0,47.0,16.0,-5.0,1033.0,28.0,9.0,2
001025,12/15/2013 7:14:00 AM,85.0,58.0,16.0,-2.0,1033.0,19.0,13.0,2
001025,12/15/2013 8:14:00 AM,86.0,57.0,16.0,-3.0,1033.0,22.0,11.0,2
001025,12/15/2013 9:15:00 AM,86.0,57.0,15.0,-2.0,1034.0,21.0,7.0,2
001025,12/15/2013 10:15:00 AM,87.0,68.0,15.0,0.0,1035.0,18.0,2.0,2
001025,12/15/2013 11:13:00 AM,91.0,61.0,14.0,1.0,1036.0,15.0,4.0,2
001025,12/15/2013 12:14:00 PM,61.0,38.0,14.0,3.0,1036.0,13.0,4.0,2
001025,12/15/2013 1:14:00 PM,27.0,15.0,13.0,4.0,1034.0,10.0,2.0,2
001025,12/15/2013 2:14:00 PM,47.0,32.0,15.0,4.0,1033.0,10.0,2.0,2
001025,12/15/2013 3:13:00 PM,56.0,35.0,17.0,5.0,1032.0,10.0,4.0,2
001025,12/15/2013 4:15:00 PM,56.0,35.0,17.0,5.0,1032.0,11.0,2.0,2
001025,12/15/2013 5:15:00 PM,48.0,39.0,19.0,4.0,1032.0,11.0,4.0,2
001025,12/15/2013 6:17:00 PM,55.0,52.0,20.0,1.0,1033.0,17.0,2.0,2
001025,12/15/2013 7:26:00 PM,73.0,69.0,22.0,0.0,1033.0,21.0,2.0,2
001025,12/15/2013 8:34:00 PM,126.0,83.0,22.0,-2.0,1034.0,34.0,2.0,2
001025,12/15/2013 9:35:00 PM,102.0,70.0,22.0,-2.0,1033.0,37.0,2.0,2
001025,12/15/2013 11:35:00 PM,78.0,57.0,20.0,-5.0,1034.0,43.0,2.0,2
001025,12/16/2013 12:35:00 AM,76.0,58.0,20.0,-4.0,1034.0,40.0,2.0,2
001025,12/16/2013 1:34:00 AM,76.0,58.0,19.0,-5.0,1034.0,50.0,2.0,2
001025,12/16/2013 2:33:00 AM,86.0,55.0,19.0,-5.0,1034.0,46.0,2.0,2
001025,12/16/2013 4:14:00 AM,77.0,52.0,18.0,-6.0,1033.0,54.0,2.0,2
001025,12/16/2013 5:14:00 AM,76.0,49.0,17.0,-7.0,1032.0,49.0,4.0,2
001025,12/16/2013 6:14:00 AM,71.0,45.0,17.0,-7.0,1032.0,54.0,4.0,2
001025,12/16/2013 7:15:00 AM,75.0,48.0,16.0,-7.0,1031.0,49.0,4.0,2
001025,12/16/2013 8:15:00 AM,76.0,51.0,16.0,-8.0,1031.0,53.0,4.0,2
001025,12/16/2013 9:16:00 AM,71.0,51.0,15.0,-8.0,1032.0,53.0,7.0,2
001025,12/16/2013 10:14:00 AM,81.0,67.0,15.0,-6.0,1032.0,58.0,2.0,2
001025,12/16/2013 11:16:00 AM,95.0,66.0,15.0,-3.0,1033.0,43.0,2.0,2
001025,12/16/2013 12:15:00 PM,91.0,63.0,14.0,-1.0,1032.0,37.0,2.0,1
001025,12/16/2013 1:15:00 PM,111.0,71.0,17.0,0.0,1032.0,32.0,2.0,1
001025,12/16/2013 2:15:00 PM,121.0,72.0,19.0,1.0,1030.0,23.0,2.0,1
001025,12/16/2013 3:15:00 PM,128.0,70.0,20.0,2.0,1029.0,22.0,2.0,1
001025,12/16/2013 4:14:00 PM,133.0,74.0,21.0,2.0,1029.0,24.0,2.0,1
001025,12/16/2013 5:14:00 PM,155.0,85.0,23.0,1.0,1029.0,25.0,2.0,1
001025,12/16/2013 6:15:00 PM,162.0,92.0,25.0,-1.0,1029.0,34.0,2.0,3
001025,12/16/2013 7:14:00 PM,175.0,103.0,26.0,-2.0,1029.0,40.0,2.0,3
001025,12/16/2013 8:16:00 PM,195.0,114.0,25.0,-2.0,1030.0,43.0,2.0,3
001025,12/16/2013 9:34:00 PM,220.0,129.0,25.0,-2.0,1030.0,51.0,2.0,3
001025,12/16/2013 10:35:00 PM,202.0,100.0,25.0,-1.0,1030.0,44.0,2.0,3
001025,12/16/2013 11:34:00 PM,208.0,109.0,24.0,-1.0,1031.0,44.0,2.0,3
001025,12/17/2013 12:34:00 AM,208.0,109.0,23.0,-1.0,1031.0,44.0,2.0,3
001025,12/17/2013 1:32:00 AM,209.0,103.0,23.0,-2.0,1031.0,47.0,4.0,3
001025,12/17/2013 2:13:00 AM,195.0,100.0,22.0,-3.0,1031.0,47.0,4.0,3
001025,12/17/2013 3:13:00 AM,178.0,89.0,20.0,-3.0,1031.0,51.0,4.0,3
001025,12/17/2013 4:13:00 AM,170.0,86.0,20.0,-2.0,1032.0,47.0,2.0,3
001025,12/17/2013 5:13:00 AM,172.0,82.0,9.0,-1.0,1031.0,44.0,7.0,3
001025,12/17/2013 6:13:00 AM,164.0,80.0,20.0,-2.0,1031.0,47.0,4.0,3
001025,12/17/2013 7:15:00 AM,164.0,77.0,20.0,-1.0,1032.0,44.0,2.0,3
001025,12/17/2013 8:14:00 AM,174.0,78.0,20.0,0.0,1032.0,30.0,9.0,3
001025,12/17/2013 9:14:00 AM,146.0,72.0,19.0,0.0,1033.0,30.0,11.0,3
001025,12/17/2013 2:15:00 PM,50.0,18.0,9.0,1.0,1033.0,22.0,7.0,1
001025,12/17/2013 3:12:00 PM,49.0,30.0,8.0,1.0,1033.0,22.0,7.0,1
001025,12/17/2013 4:15:00 PM,17.0,14.0,7.0,2.0,1032.0,18.0,7.0,1
001025,12/17/2013 5:14:00 PM,17.0,19.0,8.0,1.0,1032.0,20.0,7.0,1
001025,12/17/2013 6:23:00 PM,27.0,22.0,15.0,0.0,1033.0,21.0,4.0,2
001025,12/17/2013 7:34:00 PM,24.0,32.0,18.0,-3.0,1034.0,31.0,4.0,2
001025,12/17/2013 8:33:00 PM,24.0,32.0,18.0,-1.0,1035.0,23.0,9.0,2
001025,12/17/2013 9:49:00 PM,18.0,32.0,9.0,-2.0,1035.0,23.0,9.0,2
001025,12/17/2013 10:37:00 PM,21.0,28.0,14.0,-3.0,1036.0,24.0,9.0,2
001025,12/17/2013 11:38:00 PM,25.0,44.0,16.0,-4.0,1037.0,26.0,11.0,2
001025,12/18/2013 12:37:00 AM,28.0,46.0,20.0,-5.0,1037.0,28.0,11.0,2
001025,12/18/2013 1:19:00 AM,28.0,46.0,20.0,-5.0,1037.0,28.0,11.0,2
001025,12/18/2013 2:18:00 AM,24.0,35.0,17.0,-6.0,1036.0,33.0,9.0,2
001025,12/18/2013 11:08:00 AM,21.0,20.0,7.0,-4.0,1035.0,28.0,9.0,2
001025,12/18/2013 11:45:00 AM,21.0,47.0,3.0,-3.0,1035.0,26.0,7.0,2
001025,12/18/2013 12:16:00 PM,32.0,39.0,14.0,-1.0,1034.0,23.0,9.0,2
001025,12/18/2013 1:16:00 PM,52.0,52.0,17.0,1.0,1032.0,15.0,11.0,2
001025,12/18/2013 2:16:00 PM,86.0,65.0,21.0,0.0,1031.0,17.0,4.0,2
001025,12/18/2013 3:15:00 PM,96.0,64.0,20.0,0.0,1030.0,21.0,4.0,2
001025,12/18/2013 4:16:00 PM,96.0,66.0,22.0,1.0,1029.0,17.0,2.0,2
001025,12/18/2013 5:15:00 PM,112.0,75.0,25.0,0.0,1029.0,18.0,4.0,2
001025,12/18/2013 6:14:00 PM,116.0,83.0,30.0,-3.0,1029.0,26.0,4.0,2
001025,12/18/2013 7:14:00 PM,123.0,88.0,33.0,-3.0,1029.0,26.0,7.0,2
001025,12/18/2013 8:15:00 PM,131.0,93.0,32.0,-4.0,1029.0,28.0,4.0,2
001025,12/18/2013 9:16:00 PM,138.0,94.0,32.0,-5.0,1029.0,33.0,2.0,2
001025,12/18/2013 10:14:00 PM,137.0,91.0,31.0,-8.0,1030.0,45.0,4.0,2
001025,12/18/2013 11:18:00 PM,152.0,100.0,32.0,-7.0,1030.0,46.0,2.0,2
001025,12/19/2013 12:17:00 AM,170.0,108.0,16.0,-6.0,1030.0,36.0,2.0,2
001025,12/19/2013 1:16:00 AM,167.0,100.0,15.0,-8.0,1030.0,45.0,7.0,2
001025,12/19/2013 2:16:00 AM,159.0,88.0,14.0,-7.0,1030.0,42.0,4.0,2
001025,12/19/2013 3:16:00 AM,104.0,62.0,13.0,0.0,1030.0,53.0,4.0,2
001025,12/19/2013 4:15:00 AM,99.0,62.0,13.0,-8.0,1030.0,42.0,7.0,2
001025,12/19/2013 5:14:00 AM,99.0,71.0,12.0,-9.0,1030.0,45.0,2.0,2
001025,12/19/2013 6:14:00 AM,80.0,55.0,11.0,0.0,1030.0,49.0,4.0,2
001025,12/19/2013 7:16:00 AM,73.0,55.0,11.0,0.0,1030.0,45.0,9.0,2
001025,12/19/2013 8:15:00 AM,72.0,52.0,11.0,-8.0,1031.0,42.0,7.0,2
001025,12/19/2013 9:24:00 AM,72.0,52.0,11.0,-8.0,1031.0,42.0,7.0,2
001025,12/19/2013 10:14:00 AM,72.0,52.0,11.0,-8.0,1031.0,42.0,7.0,2
001025,12/19/2013 11:15:00 AM,72.0,52.0,11.0,-8.0,1031.0,42.0,7.0,2
001025,12/19/2013 12:41:00 PM,72.0,52.0,11.0,-8.0,1031.0,42.0,7.0,2
001025,12/19/2013 1:15:00 PM,72.0,52.0,11.0,-8.0,1031.0,42.0,7.0,2
001025,12/19/2013 2:15:00 PM,72.0,52.0,11.0,-8.0,1031.0,42.0,7.0,2
001025,12/19/2013 3:16:00 PM,72.0,52.0,11.0,-8.0,1031.0,42.0,7.0,2
001025,12/19/2013 4:16:00 PM,72.0,52.0,11.0,-8.0,1031.0,42.0,7.0,2
001025,12/19/2013 5:21:00 PM,63.0,72.0,11.0,0.0,1030.0,20.0,4.0,2
001025,12/19/2013 6:16:00 PM,82.0,86.0,45.0,-1.0,1030.0,23.0,2.0,2
001025,12/19/2013 7:16:00 PM,101.0,116.0,48.0,-2.0,1030.0,23.0,2.0,2
001025,12/19/2013 8:15:00 PM,121.0,104.0,22.0,-4.0,1031.0,31.0,4.0,2
001025,12/19/2013 9:17:00 PM,130.0,91.0,18.0,-4.0,1032.0,31.0,4.0,2
001025,12/19/2013 10:18:00 PM,125.0,94.0,19.0,-6.0,1032.0,42.0,4.0,2
001025,12/19/2013 11:19:00 PM,135.0,109.0,19.0,-8.0,1032.0,45.0,4.0,2
001025,12/20/2013 12:19:00 AM,147.0,104.0,20.0,-9.0,1032.0,45.0,7.0,2
001025,12/20/2013 1:15:00 AM,140.0,105.0,20.0,-8.0,1032.0,45.0,7.0,2
001025,12/20/2013 2:16:00 AM,122.0,88.0,20.0,-5.0,1033.0,36.0,7.0,2
001025,12/20/2013 3:15:00 AM,107.0,82.0,19.0,-4.0,1033.0,34.0,7.0,2
001025,12/20/2013 4:15:00 AM,101.0,80.0,18.0,0.0,1033.0,49.0,7.0,2
001025,12/20/2013 5:15:00 AM,98.0,76.0,9.0,0.0,1033.0,53.0,7.0,2
001025,12/20/2013 6:14:00 AM,96.0,73.0,19.0,-7.0,1033.0,42.0,7.0,2
001025,12/20/2013 7:15:00 AM,85.0,69.0,21.0,-9.0,1033.0,49.0,7.0,2
001025,12/20/2013 8:17:00 AM,78.0,67.0,21.0,1.0,1034.0,57.0,4.0,2
001025,12/20/2013 9:16:00 AM,100.0,81.0,22.0,0.0,1035.0,57.0,4.0,2
001025,12/20/2013 10:15:00 AM,118.0,106.0,25.0,-6.0,1035.0,50.0,7.0,2
001025,12/20/2013 11:18:00 AM,117.0,97.0,26.0,-2.0,1035.0,34.0,7.0,2
001025,12/20/2013 12:16:00 PM,77.0,67.0,22.0,1.0,1036.0,20.0,2.0,2
001025,12/20/2013 1:16:00 PM,40.0,30.0,16.0,1.0,1035.0,20.0,7.0,2
001025,12/20/2013 2:17:00 PM,20.0,13.0,8.0,1.0,1034.0,18.0,9.0,2
001025,12/20/2013 3:16:00 PM,12.0,7.0,5.0,2.0,1034.0,17.0,4.0,2
001025,12/20/2013 4:15:00 PM,7.0,10.0,6.0,2.0,1034.0,17.0,4.0,2
001025,12/20/2013 5:15:00 PM,10.0,13.0,7.0,1.0,1034.0,18.0,4.0,2
001025,12/20/2013 6:15:00 PM,12.0,15.0,12.0,-1.0,1034.0,25.0,2.0,2
001025,12/20/2013 7:15:00 PM,27.0,50.0,34.0,-3.0,1035.0,31.0,2.0,2
001025,12/20/2013 8:15:00 PM,70.0,85.0,30.0,-4.0,1035.0,36.0,4.0,2
001025,12/20/2013 9:14:00 PM,112.0,101.0,8.0,-5.0,1036.0,43.0,4.0,2
001025,12/20/2013 10:14:00 PM,145.0,133.0,15.0,-5.0,1036.0,36.0,7.0,2
001025,12/20/2013 11:13:00 PM,135.0,128.0,21.0,-2.0,1036.0,31.0,9.0,2
001025,12/21/2013 12:13:00 AM,93.0,85.0,23.0,-4.0,1037.0,31.0,4.0,2
001025,12/21/2013 1:13:00 AM,100.0,87.0,23.0,-4.0,1037.0,31.0,2.0,2
001025,12/21/2013 2:14:00 AM,88.0,72.0,24.0,-5.0,1037.0,33.0,7.0,2
001025,12/21/2013 3:14:00 AM,82.0,60.0,22.0,-3.0,1037.0,31.0,7.0,2
001025,12/21/2013 4:14:00 AM,65.0,54.0,21.0,-4.0,1037.0,31.0,9.0,2
001025,12/21/2013 5:14:00 AM,56.0,47.0,20.0,-5.0,1037.0,33.0,7.0,2
001025,12/21/2013 6:14:00 AM,44.0,37.0,20.0,-9.0,1036.0,45.0,7.0,2
001025,12/21/2013 7:14:00 AM,52.0,42.0,19.0,-8.0,1036.0,45.0,7.0,2
001025,12/21/2013 8:15:00 AM,53.0,53.0,20.0,-8.0,1036.0,45.0,4.0,2
001025,12/21/2013 9:15:00 AM,56.0,50.0,21.0,-8.0,1037.0,53.0,9.0,2
001025,12/21/2013 10:14:00 AM,53.0,50.0,21.0,-3.0,1037.0,37.0,9.0,2
001025,12/21/2013 11:14:00 AM,52.0,56.0,20.0,-2.0,1037.0,29.0,9.0,2
001025,12/21/2013 12:13:00 PM,68.0,60.0,21.0,-2.0,1037.0,29.0,9.0,2
001025,12/21/2013 1:13:00 PM,52.0,46.0,22.0,-2.0,1037.0,29.0,9.0,2
001025,12/21/2013 2:13:00 PM,63.0,52.0,23.0,-2.0,1037.0,29.0,9.0,2
001025,12/21/2013 3:14:00 PM,85.0,61.0,26.0,2.0,1034.0,16.0,2.0,2
001025,12/21/2013 4:15:00 PM,95.0,69.0,26.0,3.0,1033.0,16.0,4.0,2
001025,12/21/2013 5:14:00 PM,127.0,84.0,32.0,2.0,1033.0,17.0,4.0,2
001025,12/21/2013 6:16:00 PM,175.0,108.0,38.0,1.0,1033.0,22.0,4.0,2
001025,12/21/2013 7:16:00 PM,215.0,131.0,40.0,0.0,1033.0,25.0,7.0,2
001025,12/21/2013 8:15:00 PM,225.0,134.0,40.0,-1.0,1033.0,32.0,4.0,2
001025,12/21/2013 9:14:00 PM,220.0,126.0,41.0,-2.0,1034.0,34.0,4.0,2
001025,12/21/2013 10:15:00 PM,185.0,103.0,38.0,-2.0,1034.0,37.0,2.0,2
001025,12/21/2013 11:13:00 PM,148.0,89.0,38.0,-5.0,1034.0,46.0,2.0,2
001025,12/22/2013 12:14:00 AM,135.0,80.0,36.0,-5.0,1034.0,43.0,4.0,2
001025,12/22/2013 1:14:00 AM,121.0,72.0,35.0,-8.0,1034.0,58.0,2.0,2
001025,12/22/2013 3:14:00 AM,100.0,61.0,31.0,-7.0,1034.0,58.0,4.0,2
001025,12/22/2013 4:13:00 AM,81.0,56.0,29.0,-7.0,1034.0,54.0,2.0,2
001025,12/22/2013 5:14:00 AM,80.0,52.0,28.0,-9.0,1034.0,58.0,2.0,2
001025,12/22/2013 6:14:00 AM,62.0,42.0,25.0,-9.0,1033.0,58.0,4.0,2
001025,12/22/2013 7:13:00 AM,66.0,48.0,24.0,-8.0,1033.0,53.0,4.0,2
001025,12/22/2013 8:14:00 AM,62.0,46.0,23.0,-8.0,1033.0,53.0,4.0,2
001025,12/22/2013 9:15:00 AM,67.0,51.0,24.0,-9.0,1034.0,53.0,4.0,2
001025,12/22/2013 10:15:00 AM,68.0,54.0,23.0,-8.0,1034.0,53.0,7.0,2
001025,12/22/2013 11:15:00 AM,73.0,57.0,22.0,-4.0,1034.0,46.0,2.0,2
001025,12/22/2013 12:14:00 PM,88.0,66.0,22.0,-2.0,1034.0,37.0,2.0,2
001025,12/22/2013 1:14:00 PM,92.0,70.0,24.0,0.0,1032.0,32.0,2.0,2
001025,12/22/2013 2:14:00 PM,112.0,78.0,28.0,1.0,1031.0,25.0,2.0,2
001025,12/22/2013 3:14:00 PM,130.0,80.0,29.0,2.0,1031.0,24.0,2.0,2
001025,12/22/2013 4:13:00 PM,135.0,84.0,33.0,1.0,1030.0,25.0,4.0,2
001025,12/22/2013 5:14:00 PM,157.0,95.0,35.0,0.0,1030.0,30.0,4.0,2
001025,12/22/2013 6:14:00 PM,206.0,123.0,38.0,0.0,1030.0,27.0,2.0,2
001025,12/22/2013 7:13:00 PM,249.0,155.0,42.0,-3.0,1031.0,47.0,2.0,2
001025,12/22/2013 8:14:00 PM,278.0,155.0,42.0,-4.0,1031.0,54.0,2.0,2
001025,12/22/2013 9:15:00 PM,235.0,132.0,39.0,-5.0,1031.0,59.0,2.0,2
001025,12/22/2013 11:15:00 PM,161.0,91.0,34.0,-7.0,1031.0,63.0,4.0,2
001025,12/23/2013 12:36:00 AM,148.0,83.0,32.0,-9.0,1031.0,68.0,2.0,2
001025,12/23/2013 1:14:00 AM,148.0,83.0,32.0,-8.0,1031.0,63.0,2.0,2
001025,12/23/2013 2:15:00 AM,135.0,76.0,30.0,-8.0,1031.0,68.0,7.0,2
001025,12/23/2013 3:14:00 AM,130.0,76.0,29.0,-8.0,1031.0,58.0,4.0,2
001025,12/23/2013 4:14:00 AM,123.0,73.0,27.0,-9.0,1031.0,62.0,4.0,2
001025,12/23/2013 5:14:00 AM,112.0,65.0,13.0,-9.0,1031.0,58.0,7.0,2
001025,12/23/2013 6:14:00 AM,100.0,61.0,23.0,-7.0,1031.0,58.0,7.0,2
001025,12/23/2013 7:15:00 AM,98.0,62.0,23.0,-7.0,1031.0,54.0,9.0,2
001025,12/23/2013 8:15:00 AM,96.0,63.0,22.0,-9.0,1031.0,58.0,9.0,2
001025,12/23/2013 9:17:00 AM,88.0,61.0,22.0,-6.0,1031.0,50.0,9.0,2
001025,12/23/2013 10:16:00 AM,115.0,90.0,23.0,-2.0,1032.0,43.0,7.0,2
001025,12/23/2013 11:17:00 AM,130.0,95.0,24.0,2.0,1033.0,26.0,7.0,2
001025,12/23/2013 12:15:00 PM,136.0,99.0,44.0,3.0,1033.0,22.0,9.0,2
001025,12/23/2013 1:16:00 PM,150.0,96.0,52.0,4.0,1032.0,21.0,11.0,2
001025,12/23/2013 2:17:00 PM,128.0,78.0,47.0,5.0,1031.0,19.0,9.0,2
001025,12/23/2013 3:16:00 PM,111.0,73.0,46.0,6.0,1031.0,16.0,7.0,2
001025,12/23/2013 4:15:00 PM,103.0,73.0,48.0,6.0,1031.0,16.0,7.0,2
001025,12/23/2013 5:14:00 PM,103.0,75.0,50.0,5.0,1031.0,16.0,4.0,2
001025,12/23/2013 6:15:00 PM,106.0,100.0,51.0,1.0,1032.0,23.0,4.0,2
001025,12/23/2013 7:15:00 PM,140.0,144.0,35.0,1.0,1032.0,25.0,4.0,2
001025,12/23/2013 8:14:00 PM,152.0,116.0,17.0,1.0,1033.0,28.0,4.0,2
001025,12/23/2013 9:14:00 PM,161.0,117.0,21.0,-2.0,1034.0,40.0,2.0,2
001025,12/23/2013 11:14:00 PM,160.0,103.0,23.0,-4.0,1035.0,50.0,2.0,2
001025,12/24/2013 12:14:00 AM,157.0,95.0,24.0,-5.0,1035.0,54.0,2.0,2
001025,12/24/2013 1:14:00 AM,142.0,87.0,24.0,-6.0,1036.0,58.0,2.0,2
001025,12/24/2013 2:13:00 AM,123.0,75.0,24.0,-6.0,1036.0,54.0,2.0,2
001025,12/24/2013 3:14:00 AM,112.0,70.0,23.0,-9.0,1036.0,62.0,2.0,2
001025,12/24/2013 4:14:00 AM,102.0,66.0,23.0,-7.0,1036.0,63.0,2.0,2
001025,12/24/2013 7:17:00 AM,96.0,62.0,21.0,-9.0,1035.0,68.0,4.0,2
001025,12/24/2013 8:15:00 AM,97.0,65.0,21.0,-9.0,1036.0,68.0,2.0,2
001025,12/24/2013 9:17:00 AM,97.0,61.0,10.0,-9.0,1036.0,68.0,2.0,2
001025,12/24/2013 10:16:00 AM,97.0,61.0,10.0,-9.0,1036.0,68.0,2.0,2
001025,12/24/2013 11:16:00 AM,97.0,61.0,10.0,-9.0,1036.0,68.0,2.0,2
001025,12/24/2013 12:15:00 PM,97.0,61.0,10.0,-9.0,1036.0,68.0,2.0,5
001025,12/24/2013 1:17:00 PM,97.0,61.0,10.0,-9.0,1036.0,68.0,2.0,5
001025,12/24/2013 2:16:00 PM,97.0,61.0,10.0,-9.0,1036.0,68.0,2.0,5
001025,12/24/2013 3:15:00 PM,97.0,61.0,10.0,-9.0,1036.0,68.0,2.0,5
001025,12/24/2013 4:15:00 PM,97.0,61.0,10.0,-9.0,1036.0,68.0,2.0,5
001025,12/24/2013 5:16:00 PM,97.0,61.0,10.0,-9.0,1036.0,68.0,2.0,5
001025,12/24/2013 6:14:00 PM,97.0,61.0,10.0,-9.0,1036.0,68.0,2.0,2
001025,12/24/2013 7:15:00 PM,97.0,61.0,10.0,-9.0,1036.0,68.0,2.0,2
001025,12/24/2013 8:15:00 PM,97.0,61.0,10.0,-9.0,1036.0,68.0,2.0,2
001025,12/24/2013 9:15:00 PM,97.0,61.0,10.0,-9.0,1036.0,68.0,2.0,2
001025,12/24/2013 10:14:00 PM,97.0,61.0,10.0,-9.0,1036.0,68.0,2.0,2
001025,12/24/2013 11:15:00 PM,97.0,61.0,10.0,-9.0,1036.0,68.0,2.0,2
001025,12/25/2013 12:14:00 AM,97.0,61.0,10.0,-9.0,1036.0,68.0,2.0,2
001025,12/25/2013 1:14:00 AM,97.0,61.0,10.0,-9.0,1036.0,68.0,2.0,2
001025,12/25/2013 2:19:00 AM,97.0,61.0,10.0,-9.0,1036.0,68.0,2.0,2
001025,12/25/2013 3:14:00 AM,97.0,61.0,10.0,-9.0,1036.0,68.0,2.0,2
001025,12/25/2013 4:14:00 AM,97.0,61.0,10.0,-9.0,1036.0,68.0,2.0,2
001025,12/25/2013 5:14:00 AM,97.0,61.0,10.0,-9.0,1036.0,68.0,2.0,2
001025,12/25/2013 6:14:00 AM,97.0,61.0,10.0,-9.0,1036.0,68.0,2.0,2
001025,12/25/2013 7:16:00 AM,97.0,61.0,10.0,-9.0,1036.0,68.0,2.0,2
001025,1/18/2014 10:08:00 PM,198.0,149.0,50.0,-2.0,1019.0,46.0,5.04,2
001025,1/18/2014 11:08:00 PM,211.0,168.0,50.0,-1.0,1018.0,44.0,7.56,2
001025,1/19/2014 12:10:00 AM,241.0,158.0,50.0,-2.0,1018.0,47.0,0.36,2
001025,1/19/2014 1:07:00 AM,250.0,148.0,50.0,-4.0,1017.0,50.0,3.24,2
001025,1/19/2014 2:08:00 AM,240.0,139.0,48.0,-2.0,1017.0,49.0,1.44,2
001025,1/19/2014 3:06:00 AM,239.0,162.0,45.0,-2.0,1016.0,47.0,3.6,2
001025,1/19/2014 4:08:00 AM,235.0,151.0,44.0,-2.0,1015.0,54.0,6.12,2
001025,1/19/2014 6:08:00 AM,202.0,116.0,47.0,-2.0,1013.0,59.0,5.04,2
001025,1/19/2014 7:06:00 AM,177.0,100.0,46.0,-2.0,1013.0,63.0,16.56,2
001025,1/19/2014 8:08:00 AM,142.0,92.0,43.0,-2.0,1013.0,64.0,14.04,2
001025,1/19/2014 9:06:00 AM,132.0,88.0,41.0,-2.0,1013.0,62.0,11.88,2
001025,1/19/2014 10:08:00 AM,143.0,92.0,42.0,-1.0,1013.0,58.0,6.12,2
001025,1/19/2014 11:06:00 AM,177.0,109.0,44.0,-1.0,1012.0,54.0,5.76,2
001025,1/19/2014 12:08:00 PM,172.0,105.0,40.0,0.0,1011.0,51.0,3.6,3
001025,1/19/2014 1:06:00 PM,194.0,111.0,40.0,2.0,1009.0,46.0,6.12,3
001025,1/19/2014 2:08:00 PM,207.0,117.0,42.0,3.0,1009.0,45.0,3.96,3
001025,1/19/2014 3:06:00 PM,205.0,120.0,42.0,3.0,1008.0,38.0,7.56,3
001025,1/19/2014 4:08:00 PM,232.0,150.0,50.0,3.0,1009.0,43.0,5.4,3
001025,1/19/2014 5:06:00 PM,273.0,167.0,78.0,2.0,1009.0,44.0,3.6,3
001025,1/19/2014 6:08:00 PM,268.0,170.0,73.0,5.0,1010.0,18.0,12.6,2
001025,1/19/2014 7:06:00 PM,148.0,190.0,33.0,4.0,1012.0,17.0,21.6,2
001025,1/19/2014 8:08:00 PM,32.0,201.0,5.0,3.0,1013.0,19.0,26.64,2
001025,1/19/2014 9:07:00 PM,31.0,198.0,4.0,3.0,1013.0,19.0,23.04,2
001025,1/19/2014 10:10:00 PM,18.0,131.0,3.0,2.0,1014.0,19.0,21.96,2
001025,1/19/2014 11:07:00 PM,11.0,111.0,2.0,1.0,1014.0,20.0,18.0,2
001025,1/20/2014 12:09:00 AM,20.0,128.0,2.0,1.0,1013.0,20.0,25.92,2
001025,1/20/2014 1:06:00 AM,25.0,143.0,2.0,1.0,1013.0,21.0,20.16,2
001025,1/20/2014 2:08:00 AM,14.0,107.0,2.0,0.0,1014.0,21.0,12.96,2
001025,1/20/2014 3:06:00 AM,21.0,91.0,1.0,-1.0,1015.0,24.0,16.2,2
001025,1/20/2014 4:08:00 AM,7.0,52.0,2.0,-1.0,1015.0,24.0,22.68,2
001025,1/20/2014 5:06:00 AM,7.0,17.0,2.0,-1.0,1015.0,26.0,13.68,2
001025,1/20/2014 6:08:00 AM,4.0,6.0,2.0,-1.0,1015.0,24.0,31.68,2
001025,1/20/2014 7:06:00 AM,4.0,21.0,2.0,-1.0,1016.0,24.0,23.04,2
001025,1/20/2014 8:08:00 AM,8.0,65.0,2.0,-1.0,1017.0,24.0,17.64,2
001025,1/20/2014 9:06:00 AM,8.0,30.0,4.0,-1.0,1017.0,23.0,19.08,2
001025,1/20/2014 10:09:00 AM,12.0,18.0,5.0,0.0,1018.0,22.0,18.0,2
001025,1/20/2014 11:07:00 AM,10.0,15.0,4.0,0.0,1018.0,21.0,13.68,2
001025,1/20/2014 12:08:00 PM,10.0,15.0,3.0,1.0,1018.0,20.0,19.8,2
001025,1/20/2014 1:07:00 PM,10.0,14.0,2.0,1.0,1017.0,20.0,18.72,2
001025,1/20/2014 2:09:00 PM,14.0,10.0,2.0,2.0,1017.0,19.0,24.48,2
001025,1/20/2014 3:07:00 PM,15.0,37.0,2.0,2.0,1017.0,19.0,35.64,2
001025,1/20/2014 3:50:00 PM,4.0,407.0,2.0,2.0,1018.0,19.0,15.48,2
001025,1/20/2014 4:09:00 PM,4.0,407.0,2.0,2.0,1018.0,19.0,17.64,2
001025,1/20/2014 5:07:00 PM,15.0,29.0,2.0,2.0,1019.0,19.0,18.0,2
001025,1/20/2014 6:09:00 PM,14.0,40.0,3.0,1.0,1019.0,21.0,15.84,2
001025,1/20/2014 7:07:00 PM,14.0,24.0,5.0,1.0,1020.0,22.0,10.08,2
001025,1/20/2014 8:09:00 PM,15.0,21.0,9.0,1.0,1021.0,22.0,11.88,2
001025,1/20/2014 9:07:00 PM,14.0,20.0,9.0,1.0,1021.0,21.0,14.76,2
001025,1/20/2014 10:09:00 PM,11.0,15.0,5.0,0.0,1021.0,23.0,6.84,2
001025,1/20/2014 11:08:00 PM,15.0,21.0,9.0,-1.0,1022.0,23.0,6.48,2
001025,1/21/2014 12:09:00 AM,12.0,10.0,8.0,-4.0,1022.0,27.0,0.72,2
001025,1/21/2014 1:25:00 AM,18.0,21.0,23.0,-5.0,1022.0,30.0,3.24,2
001025,1/21/2014 2:12:00 AM,18.0,21.0,23.0,-2.0,1022.0,24.0,12.6,2
001025,1/21/2014 3:07:00 AM,21.0,16.0,12.0,-4.0,1022.0,28.0,5.4,2
001025,1/21/2014 4:08:00 AM,20.0,25.0,9.0,-2.0,1022.0,23.0,8.28,2
001025,1/21/2014 5:06:00 AM,20.0,18.0,8.0,-4.0,1022.0,24.0,9.0,2
001025,1/21/2014 6:08:00 AM,11.0,13.0,4.0,-2.0,1022.0,24.0,10.8,2
001025,1/21/2014 7:06:00 AM,15.0,10.0,5.0,-4.0,1022.0,25.0,3.6,2
001025,1/21/2014 8:08:00 AM,15.0,15.0,7.0,-6.0,1023.0,32.0,4.32,2
001025,1/21/2014 9:06:00 AM,25.0,50.0,26.0,-3.0,1023.0,27.0,7.56,2
001025,1/21/2014 10:08:00 AM,35.0,38.0,30.0,-1.0,1023.0,25.0,11.88,2
001025,1/21/2014 1:07:00 PM,67.0,52.0,18.0,2.0,1019.0,18.0,11.16,2
001025,1/21/2014 2:10:00 PM,65.0,53.0,17.0,3.0,1018.0,17.0,17.64,2
001025,1/21/2014 3:07:00 PM,60.0,56.0,15.0,3.0,1018.0,15.0,10.08,2
001025,1/21/2014 4:08:00 PM,68.0,72.0,17.0,3.0,1017.0,16.0,11.88,2
001025,1/21/2014 5:06:00 PM,68.0,70.0,19.0,3.0,1017.0,17.0,6.48,2
001025,1/21/2014 6:08:00 PM,71.0,67.0,23.0,1.0,1017.0,18.0,2.88,2
001025,1/21/2014 7:06:00 PM,71.0,65.0,25.0,0.0,1017.0,22.0,3.96,2
001025,1/21/2014 8:08:00 PM,86.0,85.0,43.0,-2.0,1016.0,32.0,4.32,2
001025,1/21/2014 9:06:00 PM,111.0,99.0,42.0,-4.0,1016.0,29.0,2.52,2
001025,1/21/2014 10:08:00 PM,100.0,83.0,40.0,-2.0,1015.0,27.0,7.92,2
001025,1/21/2014 11:07:00 PM,102.0,85.0,34.0,-4.0,1015.0,26.0,9.0,2
001025,1/22/2014 12:08:00 AM,87.0,73.0,29.0,-5.0,1015.0,30.0,10.44,2
001025,1/22/2014 1:06:00 AM,87.0,77.0,28.0,-5.0,1014.0,28.0,6.84,2
001025,1/22/2014 2:08:00 AM,77.0,65.0,24.0,-5.0,1014.0,29.0,5.04,2
001025,1/22/2014 3:06:00 AM,63.0,61.0,22.0,-5.0,1014.0,29.0,10.44,2
001025,1/22/2014 4:08:00 AM,62.0,56.0,17.0,-5.0,1013.0,27.0,11.52,2
001025,1/22/2014 6:08:00 AM,48.0,50.0,14.0,-6.0,1013.0,29.0,9.72,2
001025,1/22/2014 7:06:00 AM,48.0,49.0,15.0,-7.0,1013.0,33.0,5.76,2
001025,1/22/2014 8:08:00 AM,47.0,50.0,23.0,-7.0,1013.0,33.0,7.2,2
001025,1/22/2014 9:06:00 AM,52.0,56.0,24.0,-5.0,1013.0,31.0,2.52,2
001025,1/22/2014 10:09:00 AM,58.0,61.0,27.0,-2.0,1013.0,25.0,7.92,2
001025,1/22/2014 11:07:00 AM,60.0,71.0,20.0,1.0,1013.0,19.0,2.16,2
001025,1/22/2014 12:08:00 PM,68.0,68.0,26.0,3.0,1012.0,19.0,9.0,2
001025,1/22/2014 2:09:00 PM,117.0,80.0,36.0,5.0,1009.0,16.0,10.08,2
001025,1/22/2014 3:07:00 PM,118.0,71.0,36.0,5.0,1009.0,16.0,9.0,2
001025,1/22/2014 4:09:00 PM,126.0,95.0,46.0,5.0,1009.0,15.0,9.72,2
001025,1/22/2014 5:06:00 PM,121.0,86.0,48.0,4.0,1009.0,18.0,7.56,2
001025,1/22/2014 6:08:00 PM,140.0,104.0,59.0,3.0,1009.0,21.0,7.2,2
001025,1/22/2014 7:06:00 PM,188.0,129.0,69.0,2.0,1009.0,25.0,3.96,2
001025,1/22/2014 8:08:00 PM,232.0,160.0,75.0,0.0,1010.0,31.0,4.32,2
001025,1/22/2014 9:07:00 PM,230.0,146.0,65.0,-1.0,1010.0,32.0,5.04,2
001025,1/22/2014 10:10:00 PM,224.0,146.0,58.0,-2.0,1010.0,35.0,6.48,2
001025,1/22/2014 11:07:00 PM,215.0,134.0,57.0,-2.0,1010.0,35.0,8.64,2
001025,1/23/2014 12:09:00 AM,201.0,118.0,54.0,-3.0,1009.0,33.0,9.72,2
001025,1/23/2014 1:22:00 AM,171.0,100.0,53.0,-4.0,1009.0,34.0,6.48,2
001025,1/23/2014 2:12:00 AM,171.0,100.0,53.0,-4.0,1008.0,35.0,13.32,2
001025,1/23/2014 3:11:00 AM,171.0,97.0,53.0,-4.0,1008.0,34.0,13.68,2
001025,1/23/2014 4:12:00 AM,167.0,95.0,52.0,-5.0,1007.0,35.0,12.24,2
001025,1/23/2014 6:08:00 AM,171.0,96.0,50.0,-5.0,1006.0,35.0,17.28,2
001025,1/23/2014 7:06:00 AM,154.0,92.0,49.0,-5.0,1006.0,36.0,16.92,2
001025,1/23/2014 8:08:00 AM,165.0,94.0,48.0,-5.0,1006.0,35.0,12.6,2
001025,1/23/2014 9:07:00 AM,160.0,93.0,47.0,-5.0,1006.0,35.0,14.76,2
001025,1/23/2014 10:08:00 AM,162.0,96.0,45.0,-2.0,1006.0,32.0,13.32,2
001025,1/23/2014 12:12:00 PM,168.0,100.0,41.0,2.0,1004.0,26.0,5.4,1
001025,1/23/2014 1:07:00 PM,191.0,112.0,44.0,3.0,1003.0,27.0,5.4,1
001025,1/23/2014 3:06:00 PM,268.0,164.0,64.0,4.0,1001.0,27.0,6.48,1
001025,1/23/2014 4:08:00 PM,266.0,161.0,64.0,3.0,1001.0,27.0,7.56,1
001025,1/23/2014 5:06:00 PM,276.0,164.0,67.0,3.0,1001.0,29.0,3.96,1
001025,1/23/2014 6:09:00 PM,277.0,168.0,70.0,1.0,1002.0,35.0,4.32,2
001025,1/23/2014 7:06:00 PM,275.0,173.0,72.0,0.0,1002.0,38.0,7.92,2
001025,1/23/2014 8:08:00 PM,299.0,199.0,68.0,-1.0,1003.0,44.0,7.2,2
001025,1/23/2014 9:06:00 PM,278.28777201220373,211.71273176452362,77.73285115770524,0.4061253716912514,998.168209900463,-16.65842233876937,2.849574453120715,7
001025,1/23/2014 10:08:00 PM,308.0,181.0,64.0,-1.0,1003.0,40.0,8.64,2
001025,1/24/2014 2:06:00 PM,282.0,175.0,68.0,6.0,1004.0,25.0,4.68,1
001025,1/24/2014 2:13:00 PM,282.0,175.0,68.0,6.0,1004.0,24.0,4.32,1
001025,1/24/2014 3:07:00 PM,255.0,165.0,64.0,7.0,1005.0,20.0,8.28,1
001025,1/24/2014 4:08:00 PM,220.0,140.0,57.0,7.0,1005.0,20.0,2.52,1
001025,1/24/2014 5:07:00 PM,194.0,123.0,55.0,8.0,1006.0,15.0,10.08,1
001025,1/24/2014 6:08:00 PM,182.0,121.0,52.0,8.0,1007.0,11.0,8.28,2
001025,1/24/2014 7:06:00 PM,77.0,62.0,38.0,4.0,1008.0,20.0,2.52,2
001025,1/24/2014 8:08:00 PM,92.0,103.0,47.0,3.0,1009.0,23.0,2.88,2
001025,1/24/2014 9:07:00 PM,122.0,116.0,45.0,2.0,1009.0,24.0,3.6,2
001025,1/24/2014 10:08:00 PM,108.0,103.0,42.0,2.0,1010.0,23.0,7.2,2
001025,1/24/2014 11:08:00 PM,87.0,78.0,37.0,3.0,1010.0,20.0,8.28,2
001025,1/25/2014 1:06:00 AM,60.0,58.0,27.0,1.0,1011.0,21.0,2.88,2
001025,1/25/2014 3:06:00 AM,56.0,54.0,21.0,0.0,1011.0,23.0,1.08,2
001025,1/25/2014 4:08:00 AM,56.0,57.0,27.0,0.0,1011.0,26.0,3.24,2
001025,1/25/2014 7:06:00 AM,61.0,74.0,29.0,1.0,1012.0,30.0,5.4,2
001025,1/25/2014 8:08:00 AM,71.0,87.0,33.0,3.0,1013.0,17.0,11.16,2
001025,1/25/2014 11:06:00 AM,15.0,38.0,10.0,6.0,1016.0,13.0,9.0,2
001025,1/25/2014 12:08:00 PM,10.0,18.0,6.0,7.0,1015.0,11.0,7.92,2
001025,1/25/2014 4:08:00 PM,21.0,54.0,8.0,6.0,1015.0,15.0,12.96,2
001025,1/25/2014 5:06:00 PM,21.0,63.0,13.0,5.0,1016.0,15.0,9.0,2
001025,1/25/2014 6:08:00 PM,24.0,58.0,13.0,4.0,1017.0,18.0,2.16,2
001025,1/26/2014 12:09:00 AM,50.0,73.0,30.0,-1.0,1021.0,65.0,3.96,2
001025,1/26/2014 1:06:00 AM,82.0,86.0,26.0,-1.0,1021.0,68.0,9.0,2
001025,1/26/2014 2:08:00 AM,62.0,66.0,20.0,-2.0,1022.0,71.0,11.88,2
001025,1/26/2014 3:06:00 AM,55.0,62.0,19.0,-2.0,1021.0,71.0,9.72,2
001025,1/26/2014 4:08:00 AM,60.0,66.0,18.0,-2.0,1021.0,68.0,9.36,2
001025,1/26/2014 5:06:00 AM,52.0,64.0,18.0,-2.0,1021.0,67.0,9.72,2
001025,1/26/2014 6:08:00 AM,52.0,65.0,16.0,-2.0,1021.0,65.0,6.84,2
001025,1/26/2014 7:06:00 AM,47.0,61.0,20.0,-2.0,1021.0,63.0,11.16,2
001025,1/26/2014 8:08:00 AM,41.0,61.0,20.0,-3.0,1021.0,64.0,10.8,2
001025,1/26/2014 9:06:00 AM,51.0,69.0,23.0,-2.0,1020.0,62.0,8.28,2
001025,1/26/2014 10:08:00 AM,56.0,65.0,25.0,-1.0,1020.0,60.0,13.32,2
001025,1/26/2014 11:07:00 AM,75.0,73.0,21.0,0.0,1020.0,55.0,11.52,2
001025,1/26/2014 12:09:00 PM,76.0,77.0,21.0,1.0,1018.0,51.0,10.8,2
001025,1/26/2014 1:07:00 PM,72.0,72.0,17.0,1.0,1017.0,49.0,12.24,2
001025,1/26/2014 2:09:00 PM,75.0,69.0,16.0,2.0,1015.0,47.0,13.32,2
001025,1/26/2014 3:07:00 PM,96.0,81.0,17.0,2.0,1014.0,44.0,11.88,2
001025,1/26/2014 4:09:00 PM,100.0,82.0,18.0,2.0,1012.0,44.0,14.4,2
001025,1/26/2014 5:07:00 PM,123.0,90.0,21.0,2.0,1012.0,46.0,12.96,2
001025,1/26/2014 6:08:00 PM,137.0,97.0,27.0,1.0,1012.0,50.0,6.84,2
001025,1/26/2014 7:07:00 PM,146.0,101.0,35.0,1.0,1011.0,52.0,8.64,2
001025,1/26/2014 8:09:00 PM,177.0,121.0,43.0,0.0,1011.0,55.0,2.88,2
001025,1/26/2014 9:10:00 PM,191.0,123.0,42.0,-2.0,1010.0,59.0,2.88,2
001025,1/26/2014 10:10:00 PM,198.0,122.0,37.0,-2.0,1010.0,60.0,6.48,2
001025,1/26/2014 11:08:00 PM,192.0,119.0,36.0,-4.0,1009.0,62.0,7.92,2
001025,1/27/2014 12:09:00 AM,188.0,110.0,35.0,-4.0,1008.0,61.0,8.64,2
001025,1/27/2014 1:07:00 AM,184.0,105.0,34.0,-2.0,1008.0,56.0,9.0,2
001025,1/27/2014 2:09:00 AM,157.0,98.0,40.0,-2.0,1007.0,60.0,9.0,2
001025,1/27/2014 3:06:00 AM,162.0,98.0,39.0,-5.0,1007.0,64.0,12.6,2
001025,1/27/2014 4:08:00 AM,151.0,95.0,35.0,-5.0,1006.0,65.0,16.2,2
001025,1/27/2014 5:06:00 AM,151.0,87.0,24.0,-5.0,1005.0,63.0,7.92,2
001025,1/27/2014 6:08:00 AM,146.0,87.0,22.0,-5.0,1005.0,64.0,8.64,2
001025,1/27/2014 7:06:00 AM,150.0,84.0,23.0,-5.0,1005.0,63.0,15.12,2
001025,1/27/2014 8:08:00 AM,150.0,87.0,24.0,-5.0,1005.0,62.0,6.12,2
001025,1/27/2014 9:06:00 AM,150.0,87.0,24.0,-4.0,1005.0,58.0,5.76,2
001025,1/27/2014 10:08:00 AM,146.0,93.0,25.0,-2.0,1005.0,54.0,7.2,2
001025,1/27/2014 11:07:00 AM,161.0,93.0,23.0,0.0,1006.0,48.0,6.12,2
001025,1/27/2014 12:08:00 PM,172.0,94.0,22.0,3.0,1005.0,38.0,7.56,2
001025,1/27/2014 1:07:00 PM,170.0,94.0,18.0,4.0,1004.0,37.0,6.12,2
001025,1/27/2014 2:08:00 PM,197.0,106.0,36.0,7.0,1004.0,29.0,6.84,2
001025,1/27/2014 3:06:00 PM,206.0,114.0,38.0,12.0,1004.0,13.0,13.68,2
001025,1/27/2014 4:09:00 PM,135.0,86.0,23.0,12.0,1005.0,12.0,13.32,2
001025,1/27/2014 5:08:00 PM,22.0,109.0,4.0,10.0,1006.0,12.0,19.8,2
001025,1/27/2014 6:11:00 PM,20.0,110.0,4.0,9.0,1008.0,11.0,12.96,2
001025,1/27/2014 7:08:00 PM,12.0,79.0,4.0,8.0,1010.0,10.0,18.72,2
001025,1/27/2014 8:08:00 PM,11.0,66.0,4.0,6.0,1012.0,10.0,16.2,2
001025,1/27/2014 9:07:00 PM,8.0,48.0,3.0,6.0,1013.0,10.0,19.08,2
001025,1/27/2014 10:08:00 PM,10.0,27.0,3.0,5.0,1014.0,10.0,24.12,2
001025,1/27/2014 11:07:00 PM,8.0,26.0,3.0,4.0,1014.0,10.0,8.64,2
001025,1/28/2014 12:09:00 AM,7.0,15.0,3.0,3.0,1015.0,13.0,3.24,2
001025,1/28/2014 1:07:00 AM,11.0,19.0,4.0,2.0,1016.0,15.0,3.6,2
001025,1/28/2014 2:08:00 AM,10.0,25.0,7.0,0.0,1017.0,24.0,9.36,2
001025,1/28/2014 3:06:00 AM,14.0,28.0,7.0,-1.0,1017.0,22.0,7.2,2
001025,1/28/2014 4:08:00 AM,18.0,22.0,8.0,0.0,1016.0,18.0,7.2,2
001025,1/28/2014 6:08:00 AM,14.0,14.0,8.0,-1.0,1017.0,20.0,10.08,2
001025,1/28/2014 7:06:00 AM,18.0,23.0,13.0,-2.0,1018.0,25.0,8.28,2
001025,1/28/2014 8:08:00 AM,22.0,30.0,26.0,-4.0,1018.0,28.0,2.52,2
001025,1/28/2014 9:06:00 AM,32.0,50.0,32.0,-1.0,1019.0,28.0,2.52,2
001025,1/28/2014 10:08:00 AM,57.0,56.0,30.0,3.0,1019.0,18.0,7.92,2
001025,1/28/2014 11:07:00 AM,57.0,64.0,27.0,3.0,1018.0,17.0,10.44,2
001025,1/28/2014 12:08:00 PM,35.0,49.0,15.0,3.0,1017.0,19.0,17.28,2
001025,1/28/2014 1:06:00 PM,42.0,57.0,14.0,4.0,1016.0,37.0,21.24,2
001025,1/28/2014 2:09:00 PM,81.0,108.0,13.0,4.0,1015.0,35.0,18.0,2
001025,1/28/2014 3:07:00 PM,97.0,117.0,15.0,4.0,1014.0,34.0,19.08,2
001025,1/28/2014 5:06:00 PM,66.0,178.0,22.0,4.0,1012.0,36.0,15.48,2
001025,1/28/2014 6:08:00 PM,92.0,131.0,24.0,3.0,1012.0,37.0,9.36,2
001025,1/28/2014 7:06:00 PM,110.0,119.0,28.0,3.0,1012.0,40.0,15.48,2
001025,1/28/2014 8:08:00 PM,127.0,120.0,36.0,2.0,1012.0,44.0,11.16,2
001025,1/28/2014 9:06:00 PM,145.0,129.0,42.0,0.0,1012.0,50.0,3.96,2
001025,1/28/2014 10:08:00 PM,158.0,133.0,44.0,-1.0,1011.0,52.0,4.32,2
001025,1/28/2014 11:06:00 PM,164.0,134.0,46.0,-2.0,1010.0,54.0,4.32,2
001025,1/29/2014 12:09:00 AM,178.0,139.0,44.0,-1.0,1010.0,55.0,3.96,2
001025,1/29/2014 1:07:00 AM,158.0,124.0,41.0,-2.0,1009.0,58.0,2.88,2
001025,1/29/2014 2:08:00 AM,154.0,115.0,41.0,-3.0,1008.0,69.0,3.96,2
001025,1/29/2014 3:10:00 AM,147.0,105.0,41.0,-3.0,1008.0,69.0,9.0,2
001025,1/29/2014 4:11:00 AM,111.0,86.0,42.0,-4.0,1006.0,71.0,13.32,2
001025,1/29/2014 5:10:00 AM,97.0,79.0,42.0,-5.0,1005.0,71.0,5.04,2
001025,1/29/2014 6:12:00 AM,91.0,75.0,41.0,-5.0,1004.0,70.0,9.72,2
001025,1/29/2014 7:10:00 AM,110.0,84.0,39.0,-6.0,1004.0,69.0,7.2,2
001025,1/29/2014 8:11:00 AM,128.0,95.0,37.0,-5.0,1003.0,68.0,13.32,2
001025,1/29/2014 9:10:00 AM,123.0,91.0,35.0,-5.0,1003.0,66.0,11.16,2
001025,1/29/2014 10:11:00 AM,131.0,100.0,32.0,-2.0,1003.0,61.0,6.84,2
001025,1/29/2014 11:11:00 AM,135.0,97.0,29.0,0.0,1002.0,55.0,11.16,2
001025,1/29/2014 12:12:00 PM,128.0,90.0,25.0,1.0,1001.0,50.0,6.84,1
001025,1/29/2014 1:09:00 PM,127.0,94.0,24.0,3.0,1000.0,44.0,3.96,1
001025,1/29/2014 2:11:00 PM,148.0,98.0,25.0,3.0,999.0,42.0,5.04,1
001025,1/29/2014 3:10:00 PM,158.0,104.0,32.0,3.0,999.0,43.0,8.64,1
001025,1/29/2014 4:12:00 PM,175.0,111.0,38.0,3.0,999.0,42.0,3.6,1
001025,1/29/2014 5:12:00 PM,180.0,112.0,42.0,3.0,999.0,44.0,6.84,1
001025,1/29/2014 6:13:00 PM,197.0,120.0,50.0,2.0,999.0,48.0,3.96,2
001025,1/29/2014 7:10:00 PM,208.0,124.0,57.0,1.0,1000.0,53.0,6.48,2
001025,1/29/2014 8:13:00 PM,218.0,138.0,55.0,-1.0,1001.0,56.0,8.64,2
001025,1/29/2014 9:10:00 PM,211.0,132.0,51.0,-1.0,1001.0,56.0,12.24,2
001025,1/29/2014 10:12:00 PM,209.0,127.0,50.0,-2.0,1001.0,60.0,2.16,2
001025,1/29/2014 11:11:00 PM,212.0,127.0,52.0,-1.0,1001.0,56.0,5.76,2
001025,1/30/2014 12:12:00 AM,207.0,127.0,50.0,-1.0,1002.0,54.0,4.32,2
001025,1/30/2014 1:07:00 AM,211.0,128.0,51.0,-1.0,1002.0,56.0,7.2,2
001025,1/30/2014 2:08:00 AM,213.0,130.0,49.0,6.0,1003.0,16.0,18.36,2
001025,1/30/2014 3:06:00 AM,41.0,31.0,9.0,6.0,1003.0,16.0,18.72,2
001025,1/30/2014 4:08:00 AM,17.0,17.0,7.0,5.0,1004.0,14.0,15.48,2
001025,1/30/2014 5:06:00 AM,17.0,11.0,5.0,4.0,1004.0,13.0,9.36,2
001025,1/30/2014 6:08:00 AM,8.0,10.0,6.0,4.0,1005.0,14.0,13.32,2
001025,1/30/2014 7:06:00 AM,10.0,19.0,8.0,3.0,1006.0,16.0,5.04,2
001025,1/30/2014 8:08:00 AM,11.0,23.0,15.0,3.0,1007.0,17.0,5.4,2
001025,1/30/2014 9:06:00 AM,12.0,28.0,25.0,3.0,1007.0,17.0,5.04,2
001025,1/30/2014 10:08:00 AM,18.0,36.0,23.0,5.0,1008.0,12.0,9.36,2
001025,1/30/2014 11:07:00 AM,14.0,21.0,6.0,6.0,1008.0,12.0,10.08,2
001025,1/30/2014 12:08:00 PM,12.0,15.0,6.0,7.0,1007.0,12.0,9.72,2
001025,1/30/2014 1:06:00 PM,14.0,6.0,4.0,8.0,1006.0,11.0,4.68,2
001025,1/30/2014 2:08:00 PM,12.0,13.0,3.0,8.0,1005.0,10.0,8.28,2
001025,1/30/2014 3:07:00 PM,14.0,22.0,8.0,8.0,1005.0,14.0,14.04,2
001025,1/30/2014 4:08:00 PM,72.0,77.0,18.0,7.0,1005.0,17.0,12.24,2
001025,1/30/2014 5:06:00 PM,125.0,97.0,24.0,6.0,1005.0,18.0,14.04,2
001025,1/30/2014 6:06:00 PM,120.0,93.0,25.0,6.0,1005.0,20.0,4.68,2
001025,1/30/2014 7:07:00 PM,141.0,105.0,27.0,5.0,1006.0,20.0,6.48,2
001025,1/30/2014 8:08:00 PM,182.0,122.0,32.0,3.0,1006.0,26.0,11.88,2
001025,1/30/2014 9:06:00 PM,251.0,169.0,44.0,3.0,1007.0,39.0,11.52,2
001025,1/30/2014 10:09:00 PM,267.0,192.0,39.0,2.0,1008.0,47.0,8.64,2
001025,1/30/2014 11:07:00 PM,241.0,165.0,31.0,1.0,1008.0,59.0,7.2,2
001025,1/31/2014 12:09:00 AM,227.0,162.0,27.0,0.0,1008.0,67.0,4.68,2
001025,1/31/2014 1:06:00 AM,224.0,152.0,29.0,-1.0,1008.0,74.0,1.8,2
001025,1/31/2014 2:07:00 AM,429.0,500.0,37.0,-1.0,1008.0,78.0,3.96,2
001025,1/31/2014 3:06:00 AM,402.0,420.0,36.0,-1.0,1009.0,77.0,4.32,2
001025,1/31/2014 4:08:00 AM,437.0,470.0,34.0,-1.0,1008.0,75.0,4.68,2
001025,1/31/2014 6:08:00 AM,393.0,378.0,34.0,-1.0,1008.0,73.0,5.04,2
001025,1/31/2014 7:06:00 AM,337.0,267.0,34.0,-1.0,1008.0,73.0,7.56,2
001025,1/31/2014 8:08:00 AM,295.0,193.0,34.0,-2.0,1008.0,74.0,4.32,2
001025,1/31/2014 9:06:00 AM,285.0,182.0,33.0,-1.0,1008.0,72.0,6.12,1
001025,1/31/2014 10:08:00 AM,267.0,174.0,32.0,-1.0,1008.0,67.0,11.52,1
001025,1/31/2014 11:06:00 AM,225.0,138.0,24.0,0.0,1008.0,65.0,12.24,1
001025,1/31/2014 12:08:00 PM,180.0,116.0,19.0,1.0,1007.0,57.0,8.64,1
001025,1/31/2014 1:07:00 PM,182.0,116.0,18.0,2.0,1007.0,54.0,9.0,1
001025,1/31/2014 2:08:00 PM,174.0,112.0,17.0,3.0,1006.0,54.0,5.76,1
001025,1/31/2014 3:07:00 PM,133.0,93.0,21.0,3.0,1006.0,54.0,2.16,1
001025,1/31/2014 4:09:00 PM,118.0,83.0,21.0,3.0,1005.0,52.0,3.6,1
001025,1/31/2014 5:06:00 PM,115.0,83.0,20.0,3.0,1005.0,55.0,6.48,1
001025,1/31/2014 6:08:00 PM,118.0,86.0,24.0,2.0,1006.0,64.0,6.12,3
001025,1/31/2014 7:07:00 PM,138.0,99.0,25.0,2.0,1007.0,64.0,7.2,3
001025,1/31/2014 8:09:00 PM,185.0,115.0,35.0,2.0,1007.0,58.0,6.12,3
001025,1/31/2014 9:09:00 PM,208.0,132.0,38.0,2.0,1007.0,56.0,10.8,3
001025,1/31/2014 10:11:00 PM,174.0,117.0,30.0,2.0,1007.0,56.0,7.2,3
001025,1/31/2014 11:07:00 PM,146.0,97.0,25.0,2.0,1007.0,55.0,7.2,3
001025,2/1/2014 12:10:00 AM,143.0,96.0,21.0,2.0,1007.0,56.0,8.28,3
001025,2/1/2014 1:07:00 AM,135.0,94.0,22.0,2.0,1007.0,57.0,5.4,3
001025,2/1/2014 2:08:00 AM,151.0,96.0,21.0,2.0,1007.0,59.0,10.08,3
001025,2/1/2014 3:06:00 AM,157.0,97.0,18.0,2.0,1006.0,64.0,7.56,3
001025,2/1/2014 4:08:00 AM,155.0,103.0,16.0,2.0,1006.0,63.0,7.56,3
001025,2/1/2014 5:06:00 AM,171.0,101.0,16.0,1.0,1005.0,63.0,11.16,3
001025,2/1/2014 6:08:00 AM,184.0,107.0,16.0,2.0,1005.0,62.0,9.36,3
001025,2/1/2014 7:08:00 AM,194.0,110.0,18.0,2.0,1005.0,60.0,8.28,3
001025,2/1/2014 8:08:00 AM,192.0,111.0,16.0,2.0,1005.0,55.0,8.64,3
001025,2/1/2014 9:06:00 AM,188.0,109.0,17.0,2.0,1006.0,55.0,7.92,3
001025,2/1/2014 10:08:00 AM,191.0,113.0,17.0,3.0,1006.0,54.0,6.84,3
001025,2/1/2014 11:06:00 AM,188.0,112.0,18.0,3.0,1006.0,51.0,6.12,3
001025,2/1/2014 12:09:00 PM,194.0,114.0,18.0,4.0,1005.0,55.0,4.68,3
001025,2/1/2014 1:07:00 PM,202.0,117.0,24.0,4.0,1004.0,63.0,7.2,3
001025,2/1/2014 2:07:00 PM,171.0,94.0,20.0,4.0,1003.0,71.0,11.52,3
001025,2/1/2014 3:06:00 PM,137.0,78.0,20.0,4.0,1002.0,72.0,11.88,3
001025,2/1/2014 4:11:00 PM,133.0,75.0,24.0,4.0,1002.0,77.0,9.0,3
001025,2/1/2014 5:07:00 PM,162.0,88.0,29.0,3.0,1002.0,77.0,13.32,3
001025,2/1/2014 6:08:00 PM,161.0,85.0,33.0,3.0,1002.0,80.0,11.16,2
001025,2/1/2014 7:08:00 PM,164.1007037719793,87.09899666372664,38.68971678177971,19.514827698660717,1064.3434335185038,71.09043667573836,-3.0255756716339253,8
001025,2/1/2014 8:09:00 PM,178.37570898227284,68.3828608112867,13.538561354719505,6.708588222454476,1026.8872019574417,72.73965670535611,43.06724488408013,8
001025,2/1/2014 9:07:00 PM,161.84472479166982,98.66277909091276,10.490261786920335,35.90876887169513,961.1296955917641,81.79147185693522,4.809034236000025,8
001025,2/1/2014 10:09:00 PM,167.62053622175023,96.93881282629893,48.983891168883616,-21.431975439395824,952.6298186517262,79.02736364112319,27.565448695907246,8
001025,2/1/2014 11:07:00 PM,181.7870321836295,140.136181497166,66.23964746708428,41.8994709532539,980.3408212264442,71.53465063681203,21.41566581528395,8
001025,2/2/2014 12:09:00 AM,207.33477895515378,127.3853003349556,57.20817920629874,-7.925871001734617,1034.8687847668475,95.81027122657359,33.40182558686639,8
001025,2/2/2014 1:06:00 AM,200.22800889484643,120.54817996017982,51.06035285006301,-9.553414901240647,1013.8314513241538,86.96995713791584,-5.662059251510316,8
001025,2/2/2014 2:08:00 AM,209.37970442304783,137.8004030268296,36.93212539508383,-3.0452866953815985,979.1925458092717,51.310100941222025,-37.2524954518037,8
001025,2/2/2014 3:06:00 AM,204.19542926755042,83.54055851535992,81.12896153888761,-14.617337694133674,987.5037811478504,63.43180363850361,15.207894452894495,8
001025,2/2/2014 4:08:00 AM,201.32311510202803,126.68469485857372,7.68638914634904,-30.757874019968305,1007.5903581174813,75.04222107062458,0.3921863103805102,8
001025,2/2/2014 5:06:00 AM,273.723101524106,123.39658845147588,42.51616592788355,-19.786624328304022,915.3216865760402,115.37838738282305,38.489413542001685,8
001025,2/2/2014 6:08:00 AM,225.31419937995437,100.83416891271727,1.3165070340954372,-0.5692480825725115,1011.8762794064995,88.33029199830159,17.301181277491846,8
001025,2/2/2014 7:06:00 AM,195.6994726814816,133.83971840731022,67.6018924879974,17.874598439145,1033.088235269633,73.4310660605169,-23.13857832978979,8
001025,2/2/2014 8:08:00 AM,177.06042932982598,115.88510555165618,26.15511658628745,-2.76643339264521,943.3078048838437,100.87120374068611,34.16084992106811,8
001025,2/2/2014 9:06:00 AM,182.32850457813998,106.89834570688703,11.373381094144797,3.8730190941855476,984.5820946175986,31.780956812916628,14.401564630508418,8
001025,2/2/2014 10:08:00 AM,115.67466244092131,93.07055291121863,7.4978545608785865,44.82204900539143,984.7286120600156,-48.54118126697638,25.611060301918698,8
001025,2/2/2014 11:08:00 AM,36.08820672506732,109.41744008287138,-24.71994505962865,-15.044929525497984,1019.4553808575819,37.52123442939151,44.78319976034862,8
001025,2/2/2014 12:08:00 PM,24.0,93.0,4.0,7.0,1002.0,16.0,24.48,2
001025,2/2/2014 1:07:00 PM,17.0,85.0,4.0,7.0,1002.0,16.0,24.48,2
001025,2/2/2014 2:09:00 PM,27.0,78.0,3.0,7.0,1002.0,16.0,24.48,2
001025,2/2/2014 3:07:00 PM,14.0,56.0,3.0,7.0,1002.0,16.0,24.48,2
001025,2/2/2014 4:10:00 PM,15.0,55.0,3.0,7.0,1002.0,16.0,24.48,2
001025,2/2/2014 5:09:00 PM,12.0,50.0,3.0,7.0,1002.0,16.0,24.48,2
001025,2/2/2014 6:08:00 PM,15.0,46.0,3.0,6.0,1004.0,11.0,14.04,2
001025,2/2/2014 7:06:00 PM,14.0,45.0,3.0,4.0,1006.0,10.0,24.12,2
001025,2/2/2014 8:08:00 PM,14.0,39.0,3.0,4.0,1006.0,10.0,24.12,2
001025,2/2/2014 9:06:00 PM,14.0,42.0,3.0,3.0,1007.0,7.0,24.12,2
001025,2/2/2014 10:08:00 PM,8.0,25.0,3.0,3.0,1007.0,9.0,15.84,2
001025,2/2/2014 11:06:00 PM,10.0,22.0,3.0,3.0,1009.0,7.0,6.12,2
001025,2/3/2014 12:08:00 AM,10.0,16.0,3.0,2.0,1010.0,8.0,17.28,2
001025,2/3/2014 1:06:00 AM,20.0,20.0,3.0,2.0,1010.0,14.0,19.8,2
001025,2/3/2014 2:08:00 AM,8.0,42.0,3.0,1.0,1012.0,17.0,15.12,2
001025,2/3/2014 3:06:00 AM,4.0,32.0,3.0,0.0,1013.0,24.0,24.84,2
001025,2/3/2014 4:08:00 AM,4.0,29.0,3.0,-1.0,1014.0,34.0,14.04,2
001025,2/3/2014 6:08:00 AM,5.0,6.0,2.0,-2.0,1015.0,16.0,24.48,2
001025,2/3/2014 7:06:00 AM,8.0,6.0,3.0,-3.0,1015.0,9.0,25.2,2
001025,2/3/2014 8:08:00 AM,8.0,6.0,3.0,-4.0,1017.0,10.0,17.64,2
001025,2/3/2014 9:06:00 AM,10.0,7.0,3.0,-2.0,1017.0,9.0,14.76,2
001025,2/3/2014 10:08:00 AM,4.0,6.0,3.0,-1.0,1017.0,9.0,6.84,2
001025,2/3/2014 11:07:00 AM,4.0,6.0,2.0,-1.0,1016.0,8.0,19.08,2
001025,2/3/2014 12:08:00 PM,7.0,13.0,2.0,0.0,1016.0,7.0,27.36,2
001025,2/3/2014 1:07:00 PM,4.0,13.0,2.0,1.0,1015.0,7.0,21.24,2
001025,2/3/2014 2:08:00 PM,4.0,18.0,1.0,1.0,1013.0,6.0,25.92,2
001025,2/3/2014 3:07:00 PM,10.0,54.0,2.0,1.0,1014.0,6.0,25.2,2
001025,2/3/2014 4:08:00 PM,15.0,70.0,2.0,1.0,1014.0,7.0,14.76,2
001025,2/3/2014 5:07:00 PM,11.0,62.0,2.0,1.0,1014.0,7.0,9.72,2
001025,2/3/2014 6:09:00 PM,8.0,51.0,3.0,0.0,1015.0,8.0,8.28,2
001025,2/3/2014 7:07:00 PM,8.0,51.0,4.0,-1.0,1016.0,8.0,10.08,2
001025,2/3/2014 8:10:00 PM,11.0,47.0,3.0,-1.0,1016.0,8.0,11.88,2
001025,2/3/2014 9:07:00 PM,10.0,34.0,2.0,-1.0,1016.0,8.0,14.4,2
001025,2/3/2014 10:12:00 PM,5.0,35.0,1.0,-1.0,1016.0,8.0,5.04,2
001025,2/3/2014 11:07:00 PM,7.0,25.0,3.0,-2.0,1017.0,8.0,19.44,2
001025,2/4/2014 12:09:00 AM,4.0,20.0,2.0,-2.0,1017.0,9.0,7.2,2
001025,2/4/2014 1:06:00 AM,4.0,21.0,2.0,-2.0,1017.0,9.0,14.04,2
001025,2/4/2014 2:09:00 AM,11.0,21.0,1.0,-3.0,1017.0,9.0,18.72,2
001025,2/4/2014 3:06:00 AM,7.0,26.0,1.0,-4.0,1018.0,10.0,7.2,2
001025,2/4/2014 4:08:00 AM,4.0,13.0,2.0,-4.0,1018.0,10.0,7.2,2
001025,2/4/2014 5:06:00 AM,7.0,10.0,1.0,-5.0,1018.0,10.0,15.84,2
001025,2/4/2014 6:08:00 AM,4.0,12.0,1.0,-5.0,1017.0,10.0,9.36,2
001025,2/4/2014 7:06:00 AM,5.0,11.0,1.0,-5.0,1018.0,10.0,8.64,2
001025,2/4/2014 8:08:00 AM,4.0,10.0,2.0,-5.0,1019.0,9.0,11.88,2
001025,2/4/2014 9:06:00 AM,4.0,6.0,2.0,-4.0,1019.0,11.0,9.36,2
001025,2/4/2014 10:08:00 AM,4.0,7.0,2.0,-2.0,1019.0,8.0,12.96,2
001025,2/4/2014 11:06:00 AM,4.0,11.0,1.0,-1.0,1019.0,9.0,4.68,2
001025,2/4/2014 12:08:00 PM,5.0,15.0,1.0,0.0,1018.0,8.0,11.52,2
001025,2/4/2014 1:08:00 PM,12.0,21.0,4.0,0.0,1017.0,10.0,14.4,2
001025,2/4/2014 2:10:00 PM,45.0,56.0,6.0,0.0,1016.0,11.0,6.84,2
001025,2/4/2014 3:07:00 PM,71.0,61.0,7.0,0.0,1015.0,10.0,10.44,2
001025,2/4/2014 4:09:00 PM,75.0,63.0,7.0,0.0,1015.0,11.0,12.24,2
001025,2/4/2014 5:06:00 PM,62.0,60.0,7.0,0.0,1015.0,12.0,11.16,2
001025,2/4/2014 6:08:00 PM,68.0,59.0,12.0,-1.0,1015.0,12.0,8.64,2
001025,2/4/2014 7:06:00 PM,72.0,66.0,13.0,-1.0,1016.0,13.0,5.4,2
001025,2/4/2014 8:09:00 PM,113.0,91.0,13.0,-2.0,1016.0,15.0,3.6,2
001025,2/4/2014 9:06:00 PM,148.0,103.0,15.0,-2.0,1016.0,19.0,4.32,2
001025,2/4/2014 10:09:00 PM,155.0,116.0,24.0,-4.0,1017.0,25.0,4.68,2
001025,2/4/2014 11:07:00 PM,142.0,102.0,24.0,-4.0,1017.0,22.0,4.32,2
001025,2/5/2014 12:08:00 AM,151.0,103.0,22.0,-4.0,1017.0,20.0,9.0,2
001025,2/5/2014 1:08:00 AM,115.0,82.0,14.0,-5.0,1017.0,23.0,7.56,2
001025,2/5/2014 2:08:00 AM,108.0,80.0,11.0,-5.0,1017.0,22.0,6.48,2
001025,2/5/2014 3:07:00 AM,110.0,78.0,11.0,-5.0,1016.0,26.0,8.28,2
001025,2/5/2014 4:08:00 AM,106.0,78.0,13.0,-6.0,1016.0,30.0,5.76,2
001025,2/5/2014 5:06:00 AM,106.0,75.0,11.0,-7.0,1017.0,25.0,9.0,2
001025,2/5/2014 6:08:00 AM,102.0,70.0,13.0,-7.0,1017.0,27.0,12.6,2
001025,2/5/2014 7:06:00 AM,93.0,69.0,12.0,-8.0,1017.0,26.0,7.56,2
001025,2/5/2014 8:08:00 AM,78.0,64.0,12.0,-8.0,1017.0,27.0,14.4,2
001025,2/5/2014 9:07:00 AM,80.0,63.0,13.0,-7.0,1018.0,24.0,8.64,2
001025,2/5/2014 10:08:00 AM,87.0,65.0,12.0,-5.0,1018.0,22.0,8.64,2
001025,2/5/2014 11:06:00 AM,82.0,65.0,10.0,-3.0,1018.0,18.0,4.68,2
001025,2/5/2014 12:08:00 PM,86.0,68.0,12.0,-1.0,1017.0,28.0,9.0,2
001025,2/5/2014 1:06:00 PM,132.0,95.0,18.0,0.0,1015.0,40.0,12.24,2
001025,2/5/2014 2:08:00 PM,128.0,98.0,13.0,1.0,1014.0,41.0,10.8,2
001025,2/5/2014 3:07:00 PM,127.0,89.0,10.0,1.0,1014.0,43.0,18.72,2
001025,2/5/2014 4:08:00 PM,135.0,91.0,10.0,1.0,1014.0,43.0,12.96,2
001025,2/5/2014 5:06:00 PM,150.0,96.0,11.0,1.0,1014.0,43.0,8.28,2
001025,2/5/2014 6:08:00 PM,130.0,83.0,14.0,0.0,1015.0,41.0,2.88,3
001025,2/5/2014 7:06:00 PM,122.0,79.0,16.0,-1.0,1015.0,45.0,2.88,3
001025,2/5/2014 8:08:00 PM,130.0,83.0,24.0,-2.0,1016.0,48.0,3.6,3
001025,2/5/2014 9:07:00 PM,141.0,97.0,30.0,-2.0,1016.0,51.0,2.16,3
001025,2/5/2014 10:09:00 PM,161.0,107.0,30.0,-3.0,1016.0,53.0,4.68,3
001025,2/5/2014 11:06:00 PM,207.0,125.0,26.0,-4.0,1016.0,55.0,5.04,3
001025,2/6/2014 12:08:00 AM,174.0,102.0,24.0,-4.0,1016.0,53.0,10.44,3
001025,2/6/2014 1:06:00 AM,161.0,95.0,19.0,-5.0,1016.0,57.0,5.76,3
001025,2/6/2014 2:08:00 AM,165.0,95.0,18.0,-5.0,1016.0,56.0,6.48,3
001025,2/6/2014 3:06:00 AM,170.0,97.0,20.0,-5.0,1017.0,58.0,12.24,3
001025,2/6/2014 4:08:00 AM,162.0,94.0,18.0,-5.0,1017.0,56.0,7.2,3
001025,2/6/2014 6:08:00 AM,143.0,82.0,12.0,-5.0,1017.0,57.0,11.16,3
001025,2/6/2014 7:06:00 AM,151.0,92.0,19.0,-4.0,1018.0,54.0,2.88,3
001025,2/6/2014 8:08:00 AM,165.0,93.0,22.0,-4.0,1018.0,54.0,5.76,3
001025,2/6/2014 9:07:00 AM,164.0,93.0,22.0,-4.0,1019.0,52.0,4.68,3
001025,2/6/2014 10:08:00 AM,165.0,95.0,19.0,-2.0,1019.0,48.0,6.48,3
001025,2/6/2014 11:07:00 AM,161.0,93.0,17.0,-1.0,1019.0,45.0,6.84,3
001025,2/6/2014 12:08:00 PM,161.0,93.0,17.0,0.0,1018.0,41.0,5.4,3
001025,2/6/2014 1:06:00 PM,170.0,93.0,21.0,0.0,1017.0,37.0,7.2,3
001025,2/6/2014 2:13:00 PM,150.0,84.0,23.0,1.0,1016.0,34.0,6.84,3
001025,2/6/2014 3:06:00 PM,138.0,81.0,26.0,1.0,1017.0,32.0,9.36,3
001025,2/6/2014 4:08:00 PM,126.0,75.0,23.0,1.0,1017.0,33.0,5.04,3
001025,2/6/2014 5:07:00 PM,121.0,75.0,29.0,1.0,1017.0,33.0,11.16,3
001025,2/7/2014 6:07:00 PM,143.0,70.0,31.0,-4.0,1012.0,88.0,6.48,2
001025,2/7/2014 7:07:00 PM,132.0,65.0,37.0,-4.0,1012.0,87.0,5.04,2
001025,2/7/2014 8:07:00 PM,122.0,61.0,36.0,-4.0,1012.0,85.0,4.68,2
001025,2/7/2014 9:07:00 PM,136.0,67.0,42.0,-4.0,1012.0,87.0,3.96,2
001025,2/7/2014 10:07:00 PM,140.0,71.0,38.0,-4.0,1012.0,89.0,7.92,2
001025,2/7/2014 11:07:00 PM,132.0,66.0,30.0,-4.0,1012.0,90.0,6.84,2
001025,2/8/2014 12:07:00 AM,130.0,65.0,30.0,-4.0,1012.0,91.0,8.28,2
001025,2/8/2014 1:06:00 AM,131.0,67.0,27.0,-4.0,1012.0,89.0,7.2,2
001025,2/8/2014 2:06:00 AM,137.0,70.0,21.0,-4.0,1012.0,88.0,4.32,2
001025,2/8/2014 3:06:00 AM,190.0,91.0,26.0,-4.0,1013.0,85.0,5.4,2
001025,2/8/2014 4:07:00 AM,190.0,88.0,28.0,-4.0,1012.0,83.0,3.96,2
001025,2/8/2014 5:07:00 AM,185.0,81.0,29.0,-4.0,1012.0,83.0,4.32,2
001025,2/8/2014 7:06:00 AM,170.0,72.0,31.0,-6.0,1013.0,86.0,5.04,2
001025,2/8/2014 8:06:00 AM,174.0,79.0,31.0,-7.0,1014.0,86.0,8.64,2
001025,2/8/2014 9:07:00 AM,170.0,78.0,31.0,-2.0,1015.0,43.0,7.2,2
001025,2/8/2014 10:08:00 AM,111.0,36.0,19.0,-1.0,1015.0,35.0,14.76,2
001025,2/8/2014 11:07:00 AM,11.0,6.0,5.0,0.0,1015.0,34.0,20.16,2
001025,2/8/2014 12:07:00 PM,26.306148890222588,-10.679263158083298,14.458793903846049,47.75791202525073,1046.0480451402627,38.60928033098507,27.232673353955068,8
001025,2/8/2014 1:07:00 PM,3.5139001848254967,2.8567817403165106,27.845804672007468,28.831052705645703,1043.1249047658991,26.62083104067538,12.476352741224556,8
001025,2/8/2014 2:07:00 PM,31.746218687393597,17.306629409451872,-13.00152264448225,-22.99589845349217,962.7347550085561,36.7153971210209,44.170922711310624,8
001025,2/8/2014 3:08:00 PM,18.15980952271063,16.412568021034662,7.438975624574896,-2.6549655694942706,1006.5036233734708,14.531220063182706,34.677587461545,8
001025,2/8/2014 4:08:00 PM,27.02387349918874,-28.246055225908492,15.769804378733793,-8.616291307869366,997.6008117251749,19.372442201829834,29.12210787536117,8
001025,2/8/2014 6:07:00 PM,44.24433277046781,11.508947608053784,41.69919285982637,-11.354554979020936,1057.4278509410353,56.06665587794943,-16.914876851530586,8
001025,2/8/2014 7:08:00 PM,12.490435159852359,13.310582408990465,19.485624125750405,41.61414079637685,945.9367467857012,40.37186286101482,9.38299192132983,8
001025,2/8/2014 8:07:00 PM,24.80574214786472,-16.275728568687903,21.40360959870254,26.167427975356606,1049.1673556191056,37.41177288576114,-16.928445834667595,8
001025,2/8/2014 9:07:00 PM,5.988459579530021,22.570060468581506,27.764192319818658,13.253699796158433,1022.4069674158062,55.15515161370667,66.631703555907,8
001025,2/8/2014 10:08:00 PM,18.110943834145345,7.888086203525259,5.571021817957479,-3.2654640667464347,1016.4526440697447,5.716464377021978,28.349334627547258,8
001025,2/8/2014 11:07:00 PM,14.0,6.0,4.0,-7.0,1023.0,29.0,15.48,2
