001035,11/5/2013 11:30:00 PM,211.0,114.0,27.0,5.0,1019.0,76.0,2.0,2
001035,11/5/2013 11:51:00 PM,222.0,116.0,33.0,5.0,1019.0,76.0,4.0,2
001035,11/6/2013 12:01:00 AM,222.0,116.0,33.0,5.0,1019.0,76.0,4.0,2
001035,11/6/2013 3:00:00 PM,135.0,157.0,34.0,18.0,1015.0,8.0,22.0,2
001035,11/6/2013 9:00:00 PM,18.0,58.0,6.0,13.0,1019.0,12.0,20.0,2
001035,11/6/2013 11:00:00 PM,12.0,61.0,9.0,10.0,1022.0,20.0,11.0,2
001035,11/7/2013 1:00:00 AM,14.0,31.0,8.0,10.0,1022.0,20.0,13.0,2
001035,11/7/2013 2:00:00 AM,11.0,34.0,9.0,8.0,1022.0,25.0,7.0,2
001035,11/7/2013 3:00:00 AM,17.0,32.0,8.0,9.0,1022.0,24.0,11.0,2
001035,11/7/2013 4:00:00 AM,11.0,32.0,8.0,8.0,1022.0,25.0,13.0,2
001035,11/7/2013 6:00:00 AM,17.0,15.0,7.0,7.0,1022.0,27.0,9.0,2
001035,11/7/2013 7:00:00 AM,14.0,12.0,8.0,5.0,1022.0,36.0,2.0,2
001035,11/7/2013 8:00:00 AM,22.0,26.0,11.0,3.0,1022.0,48.0,2.0,2
001035,11/7/2013 9:00:00 AM,44.0,57.0,23.0,2.0,1023.0,52.0,4.0,2
001035,11/7/2013 10:00:00 AM,70.0,68.0,25.0,11.0,1023.0,21.0,2.0,2
001035,11/7/2013 11:00:00 AM,81.0,67.0,22.0,11.0,1023.0,19.0,4.0,2
001035,11/7/2013 12:00:00 PM,67.0,69.0,20.0,12.0,1022.0,14.0,7.0,2
001035,11/7/2013 1:00:00 PM,62.0,53.0,12.0,13.0,1022.0,13.0,7.0,2
001035,11/7/2013 2:00:00 PM,41.0,37.0,8.0,14.0,1021.0,12.0,9.0,2
001035,11/7/2013 4:03:00 PM,55.0,63.0,10.0,14.0,1019.0,13.0,13.0,2
001035,11/7/2013 5:40:00 PM,71.0,69.0,13.0,14.0,1018.0,14.0,9.0,2
001035,11/7/2013 6:13:00 PM,71.0,69.0,13.0,10.0,1018.0,22.0,7.0,2
001035,11/7/2013 7:10:00 PM,76.0,73.0,17.0,10.0,1019.0,26.0,4.0,2
001035,11/7/2013 8:09:00 PM,95.0,86.0,23.0,6.0,1019.0,46.0,2.0,2
001035,11/7/2013 9:13:00 PM,102.0,91.0,34.0,5.0,1019.0,49.0,2.0,2
001035,11/7/2013 10:11:00 PM,132.0,114.0,38.0,4.0,1020.0,52.0,2.0,2
001035,11/7/2013 11:21:00 PM,137.0,113.0,35.0,4.0,1020.0,52.0,2.0,2
001035,11/8/2013 12:16:00 AM,126.0,81.0,35.0,4.0,1020.0,49.0,4.0,2
001035,11/8/2013 1:17:00 AM,111.0,87.0,32.0,2.0,1020.0,56.0,2.0,2
001035,11/8/2013 3:17:00 AM,126.0,93.0,31.0,2.0,1021.0,65.0,2.0,2
001035,11/8/2013 4:16:00 AM,127.0,89.0,27.0,0.0,1021.0,64.0,4.0,2
001035,11/8/2013 5:17:00 AM,136.0,95.0,24.0,1.0,1021.0,70.0,4.0,2
001035,11/8/2013 6:17:00 AM,143.0,89.0,25.0,0.0,1021.0,75.0,2.0,2
001035,11/8/2013 8:11:00 AM,152.0,101.0,21.0,0.0,1021.0,75.0,2.0,2
001035,11/8/2013 9:09:00 AM,194.0,117.0,26.0,0.0,1021.0,75.0,4.0,2
001035,11/8/2013 10:09:00 AM,232.0,146.0,33.0,6.0,1022.0,57.0,4.0,2
001035,11/8/2013 11:13:00 AM,244.0,146.0,45.0,9.0,1022.0,40.0,4.0,2
001035,11/8/2013 2:26:00 PM,209.0,84.0,21.0,13.0,1020.0,33.0,2.0,3
001035,11/8/2013 3:09:00 PM,209.0,84.0,21.0,13.0,1020.0,33.0,2.0,3
001035,11/8/2013 4:09:00 PM,209.0,87.0,21.0,13.0,1020.0,33.0,2.0,3
001035,11/8/2013 5:11:00 PM,131.0,105.0,44.0,13.0,1018.0,31.0,2.0,3
001035,11/8/2013 6:09:00 PM,192.0,108.0,47.0,11.0,1019.0,41.0,2.0,2
001035,11/8/2013 7:09:00 PM,210.0,125.0,57.0,7.0,1019.0,57.0,2.0,2
001035,11/8/2013 10:09:00 PM,220.0,128.0,46.0,7.0,1020.0,61.0,2.0,2
001035,11/8/2013 11:10:00 PM,221.0,126.0,47.0,8.0,1021.0,62.0,2.0,2
001035,11/9/2013 3:12:00 AM,242.0,141.0,36.0,6.0,1021.0,61.0,4.0,2
001035,11/9/2013 4:08:00 AM,268.0,168.0,52.0,6.0,1021.0,61.0,4.0,2
001035,11/9/2013 5:10:00 AM,267.0,169.0,19.0,6.0,1021.0,61.0,4.0,2
001035,11/9/2013 6:09:00 AM,258.0,161.0,49.0,6.0,1021.0,61.0,4.0,2
001035,11/9/2013 7:09:00 AM,252.0,157.0,49.0,6.0,1021.0,61.0,4.0,2
001035,11/9/2013 8:11:00 AM,247.0,149.0,56.0,6.0,1021.0,61.0,4.0,2
001035,11/9/2013 9:09:00 AM,234.0,142.0,52.0,6.0,1021.0,61.0,4.0,2
001035,11/9/2013 10:12:00 AM,230.0,139.0,56.0,6.0,1021.0,61.0,4.0,2
001035,11/9/2013 11:09:00 AM,231.0,140.0,51.0,6.0,1021.0,61.0,4.0,2
001035,11/9/2013 12:09:00 PM,230.0,130.0,49.0,6.0,1021.0,61.0,4.0,5
001035,11/9/2013 1:12:00 PM,210.0,122.0,54.0,14.0,1022.0,31.0,9.0,5
001035,11/9/2013 2:10:00 PM,180.0,103.0,48.0,15.0,1022.0,25.0,7.0,5
001035,11/9/2013 3:09:00 PM,80.0,60.0,32.0,16.0,1022.0,20.0,11.0,5
001035,11/9/2013 4:11:00 PM,83.0,80.0,37.0,16.0,1022.0,19.0,9.0,5
001035,11/9/2013 6:09:00 PM,42.0,65.0,19.0,12.0,1024.0,26.0,7.0,2
001035,11/9/2013 7:12:00 PM,56.0,73.0,25.0,13.0,1025.0,18.0,13.0,2
001035,11/9/2013 8:09:00 PM,38.0,60.0,19.0,13.0,1027.0,15.0,22.0,2
001035,11/9/2013 9:09:00 PM,38.0,99.0,11.0,11.0,1028.0,18.0,29.0,2
001035,11/9/2013 10:09:00 PM,20.0,63.0,12.0,10.0,1030.0,19.0,16.0,2
001035,11/9/2013 11:09:00 PM,18.0,52.0,12.0,9.0,1030.0,17.0,20.0,2
001035,11/10/2013 12:09:00 AM,10.0,37.0,6.0,7.0,1031.0,11.0,22.0,2
001035,11/10/2013 7:16:00 AM,14.0,12.0,8.0,1.0,1032.0,10.0,18.0,2
001035,11/10/2013 8:16:00 AM,5.0,16.0,8.0,1.0,1032.0,10.0,13.0,2
001035,11/10/2013 9:18:00 AM,5.0,11.0,3.0,1.0,1032.0,10.0,13.0,2
001035,11/10/2013 10:16:00 AM,41.0,47.0,13.0,3.0,1032.0,9.0,16.0,2
001035,11/10/2013 11:09:00 AM,38.0,50.0,12.0,5.0,1032.0,6.0,16.0,2
001035,11/10/2013 12:09:00 PM,27.0,60.0,12.0,7.0,1030.0,5.0,16.0,2
001035,11/10/2013 1:09:00 PM,20.0,59.0,8.0,7.0,1029.0,5.0,18.0,2
001035,11/10/2013 2:12:00 PM,24.0,25.0,6.0,8.0,1027.0,5.0,18.0,2
001035,11/10/2013 4:09:00 PM,48.0,23.0,7.0,10.0,1024.0,6.0,20.0,2
001035,11/10/2013 5:09:00 PM,38.0,50.0,8.0,10.0,1024.0,6.0,18.0,2
001035,11/10/2013 7:09:00 PM,56.0,64.0,24.0,10.0,1024.0,7.0,13.0,2
001035,11/10/2013 8:11:00 PM,76.0,79.0,36.0,8.0,1025.0,11.0,9.0,2
001035,11/10/2013 9:09:00 PM,88.0,81.0,35.0,8.0,1026.0,13.0,11.0,2
001035,11/10/2013 10:09:00 PM,90.0,79.0,33.0,3.0,1027.0,20.0,4.0,2
001035,11/10/2013 11:11:00 PM,101.0,86.0,34.0,3.0,1028.0,24.0,7.0,2
001035,11/11/2013 12:09:00 AM,92.0,79.0,30.0,3.0,1029.0,26.0,2.0,2
001035,11/11/2013 7:09:00 AM,42.0,45.0,31.0,-2.0,1030.0,51.0,4.0,2
001035,11/11/2013 9:11:00 AM,41.0,47.0,29.0,0.0,1031.0,51.0,7.0,2
001035,11/11/2013 11:14:00 AM,50.0,51.0,22.0,11.0,1031.0,14.0,9.0,2
001035,11/11/2013 12:09:00 PM,65.0,63.0,24.0,12.0,1030.0,12.0,7.0,2
001035,11/11/2013 1:11:00 PM,51.0,52.0,17.0,12.0,1028.0,13.0,9.0,2
001035,11/11/2013 2:19:00 PM,53.0,53.0,17.0,13.0,1027.0,12.0,9.0,2
001035,11/11/2013 3:14:00 PM,51.0,45.0,13.0,13.0,1026.0,12.0,7.0,2
001035,11/11/2013 5:09:00 PM,57.0,62.0,14.0,12.0,1025.0,15.0,13.0,2
001035,11/11/2013 6:09:00 PM,62.0,66.0,16.0,10.0,1024.0,17.0,11.0,2
001035,11/11/2013 7:09:00 PM,75.0,75.0,30.0,7.0,1025.0,23.0,4.0,2
001035,11/11/2013 9:09:00 PM,81.0,70.0,25.0,6.0,1025.0,29.0,2.0,2
001035,11/11/2013 10:11:00 PM,88.0,74.0,24.0,2.0,1025.0,48.0,2.0,2
001035,11/12/2013 7:09:00 AM,122.0,78.0,25.0,0.0,1025.0,64.0,7.0,2
001035,11/12/2013 8:10:00 AM,120.0,77.0,20.0,1.0,1026.0,56.0,7.0,2
001035,11/12/2013 9:13:00 AM,130.0,87.0,19.0,4.0,1026.0,49.0,4.0,2
001035,11/12/2013 10:11:00 AM,165.0,111.0,26.0,7.0,1026.0,37.0,7.0,2
001035,11/12/2013 11:16:00 AM,128.0,87.0,37.0,10.0,1027.0,28.0,4.0,2
001035,11/12/2013 12:09:00 PM,78.0,61.0,29.0,14.0,1026.0,20.0,4.0,2
001035,11/12/2013 1:21:00 PM,56.0,60.0,21.0,15.0,1025.0,17.0,4.0,2
001035,11/12/2013 2:16:00 PM,45.0,55.0,18.0,16.0,1024.0,16.0,4.0,2
001035,11/12/2013 3:14:00 PM,38.0,30.0,15.0,15.0,1023.0,17.0,4.0,2
001035,11/12/2013 4:12:00 PM,42.0,30.0,16.0,16.0,1023.0,17.0,4.0,2
001035,11/12/2013 5:10:00 PM,41.0,32.0,15.0,14.0,1023.0,18.0,2.0,2
001035,11/12/2013 6:09:00 PM,34.0,38.0,12.0,9.0,1023.0,32.0,2.0,2
001035,11/12/2013 7:08:00 PM,50.0,37.0,11.0,7.0,1023.0,39.0,2.0,2
001035,11/12/2013 8:08:00 PM,41.0,44.0,17.0,7.0,1024.0,43.0,4.0,2
001035,11/12/2013 9:09:00 PM,75.0,65.0,34.0,7.0,1024.0,37.0,7.0,2
001035,11/12/2013 10:09:00 PM,88.0,73.0,39.0,8.0,1025.0,37.0,4.0,2
001035,11/13/2013 12:10:00 AM,136.0,88.0,37.0,5.0,1025.0,45.0,4.0,2
001035,11/13/2013 6:09:00 AM,123.0,72.0,28.0,3.0,1023.0,70.0,2.0,2
001035,11/13/2013 7:12:00 AM,128.0,72.0,29.0,1.0,1023.0,75.0,2.0,2
001035,11/13/2013 8:10:00 AM,133.0,72.0,27.0,2.0,1023.0,75.0,2.0,1
001035,11/13/2013 10:25:00 AM,228.0,115.0,37.0,6.0,1023.0,61.0,4.0,1
001035,11/13/2013 11:11:00 AM,228.0,115.0,37.0,6.0,1023.0,61.0,2.0,1
001035,11/13/2013 12:09:00 PM,212.0,112.0,40.0,7.0,1022.0,53.0,2.0,5
001035,11/13/2013 1:09:00 PM,237.0,129.0,46.0,8.0,1021.0,53.0,2.0,5
001035,11/13/2013 2:14:00 PM,255.0,141.0,49.0,8.0,1020.0,50.0,2.0,5
001035,11/13/2013 3:09:00 PM,267.0,144.0,50.0,9.0,1019.0,46.0,2.0,5
001035,11/13/2013 4:09:00 PM,283.0,143.0,49.0,9.0,1019.0,50.0,2.0,5
001035,11/13/2013 5:10:00 PM,253.0,123.0,49.0,7.0,1018.0,53.0,4.0,5
001035,11/14/2013 8:10:00 AM,340.0,188.0,52.0,4.0,1019.0,42.0,7.0,2
001035,11/14/2013 9:08:00 AM,320.0,177.0,51.0,7.0,1020.0,31.0,4.0,2
001035,11/14/2013 10:08:00 AM,324.0,185.0,47.0,10.0,1020.0,22.0,11.0,2
001035,11/14/2013 11:11:00 AM,341.0,184.0,70.0,10.0,1020.0,20.0,13.0,2
001035,11/14/2013 12:09:00 PM,177.0,79.0,35.0,12.0,1020.0,15.0,13.0,2
001035,11/14/2013 1:09:00 PM,70.0,37.0,13.0,13.0,1018.0,13.0,20.0,2
001035,11/14/2013 2:09:00 PM,116.0,74.0,25.0,14.0,1018.0,12.0,18.0,2
001035,11/14/2013 3:08:00 PM,132.0,79.0,24.0,14.0,1017.0,12.0,18.0,2
001035,11/14/2013 4:09:00 PM,96.0,61.0,12.0,14.0,1017.0,11.0,20.0,2
001035,11/14/2013 5:09:00 PM,52.0,47.0,7.0,14.0,1017.0,11.0,20.0,2
001035,11/14/2013 6:10:00 PM,57.0,52.0,11.0,13.0,1017.0,12.0,9.0,2
001035,11/14/2013 7:09:00 PM,70.0,64.0,16.0,12.0,1018.0,18.0,7.0,2
001035,11/14/2013 8:08:00 PM,76.0,77.0,24.0,11.0,1018.0,21.0,7.0,2
001035,11/14/2013 9:08:00 PM,116.0,87.0,37.0,7.0,1018.0,31.0,2.0,2
001035,11/14/2013 10:09:00 PM,142.0,108.0,39.0,6.0,1018.0,31.0,2.0,2
001035,11/14/2013 11:09:00 PM,137.0,108.0,39.0,10.0,1019.0,24.0,4.0,2
001035,11/15/2013 12:12:00 AM,137.0,109.0,36.0,9.0,1019.0,25.0,4.0,2
001035,11/15/2013 1:08:00 AM,136.0,107.0,34.0,2.0,1019.0,56.0,4.0,2
001035,11/15/2013 2:08:00 AM,128.0,102.0,28.0,2.0,1019.0,56.0,2.0,2
001035,11/15/2013 3:09:00 AM,137.0,101.0,26.0,0.0,1019.0,64.0,2.0,2
001035,11/15/2013 4:09:00 AM,142.0,104.0,28.0,1.0,1019.0,60.0,2.0,2
001035,11/15/2013 5:08:00 AM,138.0,102.0,13.0,-1.0,1019.0,69.0,2.0,2
001035,11/15/2013 6:08:00 AM,143.0,104.0,25.0,-2.0,1019.0,74.0,4.0,2
001035,11/15/2013 7:09:00 AM,158.0,104.0,23.0,-1.0,1019.0,75.0,2.0,2
001035,11/15/2013 9:09:00 AM,170.0,113.0,22.0,0.0,1019.0,69.0,4.0,2
001035,11/15/2013 10:09:00 AM,190.0,126.0,24.0,6.0,1019.0,49.0,2.0,2
001035,11/15/2013 11:15:00 AM,209.0,127.0,37.0,10.0,1019.0,28.0,4.0,2
001035,11/15/2013 12:10:00 PM,160.0,101.0,31.0,11.0,1019.0,26.0,2.0,2
001035,11/15/2013 1:08:00 PM,155.0,100.0,25.0,13.0,1017.0,18.0,2.0,2
001035,11/15/2013 2:09:00 PM,113.0,84.0,15.0,16.0,1016.0,13.0,4.0,2
001035,11/15/2013 3:09:00 PM,101.0,96.0,12.0,16.0,1014.0,13.0,4.0,2
001035,11/15/2013 4:09:00 PM,116.0,103.0,17.0,16.0,1015.0,13.0,11.0,2
001035,11/15/2013 5:09:00 PM,103.0,107.0,16.0,15.0,1015.0,15.0,9.0,2
001035,11/15/2013 6:09:00 PM,123.0,131.0,22.0,14.0,1015.0,16.0,9.0,2
001035,11/15/2013 7:11:00 PM,141.0,121.0,34.0,12.0,1015.0,18.0,7.0,2
001035,11/15/2013 8:09:00 PM,164.0,127.0,29.0,12.0,1015.0,18.0,7.0,2
001035,11/15/2013 9:09:00 PM,185.0,136.0,27.0,6.0,1015.0,36.0,2.0,2
001035,11/15/2013 10:09:00 PM,210.0,139.0,30.0,4.0,1016.0,45.0,2.0,2
001035,11/15/2013 11:10:00 PM,237.0,155.0,49.0,5.0,1016.0,45.0,2.0,2
001035,11/16/2013 12:09:00 AM,227.0,143.0,44.0,3.0,1015.0,48.0,2.0,2
001035,11/16/2013 1:09:00 AM,232.0,143.0,42.0,4.0,1015.0,49.0,2.0,2
001035,11/16/2013 2:09:00 AM,216.0,138.0,32.0,3.0,1014.0,52.0,4.0,2
001035,11/16/2013 3:15:00 AM,214.0,132.0,32.0,3.0,1014.0,56.0,2.0,2
001035,11/16/2013 4:08:00 AM,220.0,136.0,29.0,3.0,1014.0,56.0,2.0,2
001035,11/16/2013 5:08:00 AM,231.0,142.0,35.0,7.0,1014.0,37.0,4.0,2
001035,11/16/2013 6:08:00 AM,227.0,153.0,39.0,8.0,1014.0,32.0,7.0,2
001035,11/16/2013 7:09:00 AM,174.0,178.0,27.0,10.0,1015.0,26.0,22.0,2
001035,11/16/2013 8:09:00 AM,105.0,177.0,5.0,10.0,1016.0,24.0,22.0,2
001035,11/16/2013 9:09:00 AM,63.0,130.0,4.0,10.0,1017.0,24.0,20.0,2
001035,11/16/2013 10:10:00 AM,34.0,59.0,5.0,10.0,1018.0,24.0,22.0,2
001035,11/16/2013 11:09:00 AM,50.0,51.0,3.0,12.0,1018.0,18.0,27.0,2
001035,11/16/2013 12:11:00 PM,22.0,52.0,3.0,12.0,1019.0,16.0,29.0,2
001035,11/16/2013 1:09:00 PM,22.0,53.0,2.0,13.0,1018.0,14.0,27.0,2
001035,11/16/2013 2:09:00 PM,15.0,57.0,2.0,12.0,1018.0,13.0,31.0,2
001035,11/16/2013 3:09:00 PM,21.0,78.0,2.0,12.0,1019.0,12.0,31.0,2
001035,11/16/2013 4:10:00 PM,25.0,85.0,2.0,11.0,1020.0,14.0,29.0,2
001035,11/16/2013 5:09:00 PM,20.0,47.0,2.0,11.0,1020.0,13.0,27.0,2
001035,11/16/2013 6:09:00 PM,18.0,45.0,3.0,8.0,1022.0,18.0,27.0,2
001035,11/16/2013 7:13:00 PM,14.0,40.0,4.0,8.0,1023.0,18.0,27.0,2
001035,11/16/2013 8:09:00 PM,14.0,27.0,5.0,7.0,1024.0,20.0,27.0,2
001035,11/16/2013 9:09:00 PM,11.0,24.0,8.0,6.0,1025.0,21.0,18.0,2
001035,11/16/2013 10:09:00 PM,21.0,22.0,15.0,6.0,1025.0,21.0,11.0,2
001035,11/16/2013 11:09:00 PM,15.0,21.0,12.0,6.0,1025.0,21.0,13.0,2
001035,11/17/2013 12:09:00 AM,14.0,12.0,13.0,6.0,1024.0,23.0,11.0,2
001035,11/17/2013 1:09:00 AM,17.0,14.0,12.0,3.0,1024.0,28.0,4.0,2
001035,11/17/2013 2:09:00 AM,28.0,18.0,12.0,2.0,1023.0,35.0,2.0,2
001035,11/17/2013 5:08:00 AM,20.0,19.0,18.0,-2.0,1022.0,64.0,2.0,2
001035,11/17/2013 6:08:00 AM,40.0,37.0,22.0,-2.0,1022.0,64.0,2.0,2
001035,11/17/2013 7:09:00 AM,73.0,56.0,22.0,1.0,1023.0,44.0,9.0,2
001035,11/17/2013 8:09:00 AM,80.0,59.0,22.0,-1.0,1024.0,47.0,7.0,2
001035,11/17/2013 9:09:00 AM,78.0,61.0,22.0,2.0,1025.0,38.0,4.0,2
001035,11/17/2013 10:10:00 AM,128.0,87.0,20.0,7.0,1025.0,20.0,9.0,2
001035,11/17/2013 11:09:00 AM,142.0,75.0,21.0,9.0,1025.0,16.0,7.0,2
001035,11/17/2013 12:09:00 PM,35.0,10.0,5.0,9.0,1025.0,12.0,16.0,2
001035,11/17/2013 1:09:00 PM,10.0,6.0,2.0,10.0,1024.0,11.0,25.0,2
001035,11/17/2013 2:09:00 PM,18.0,24.0,2.0,9.0,1023.0,10.0,29.0,2
001035,11/17/2013 3:09:00 PM,20.0,57.0,2.0,10.0,1023.0,10.0,22.0,2
001035,11/17/2013 4:10:00 PM,12.0,54.0,2.0,10.0,1023.0,11.0,20.0,2
001035,11/17/2013 5:09:00 PM,14.0,26.0,3.0,10.0,1023.0,11.0,20.0,2
001035,11/17/2013 6:09:00 PM,21.0,47.0,4.0,8.0,1024.0,12.0,22.0,2
001035,11/17/2013 7:09:00 PM,21.0,75.0,4.0,7.0,1025.0,12.0,25.0,2
001035,11/17/2013 8:10:00 PM,12.0,32.0,5.0,6.0,1026.0,14.0,16.0,2
001035,11/17/2013 9:09:00 PM,14.0,19.0,7.0,5.0,1027.0,16.0,11.0,2
001035,11/17/2013 10:09:00 PM,18.0,20.0,8.0,4.0,1027.0,19.0,11.0,2
001035,11/17/2013 11:09:00 PM,14.0,17.0,8.0,4.0,1027.0,21.0,11.0,2
001035,11/18/2013 12:09:00 AM,18.0,13.0,8.0,4.0,1027.0,24.0,9.0,2
001035,11/18/2013 1:09:00 AM,12.0,38.0,8.0,3.0,1027.0,28.0,11.0,2
001035,11/18/2013 2:09:00 AM,34.0,23.0,10.0,2.0,1027.0,28.0,4.0,2
001035,11/18/2013 3:09:00 AM,38.0,26.0,9.0,2.0,1027.0,30.0,9.0,2
001035,11/18/2013 4:10:00 AM,87.0,36.0,14.0,2.0,1026.0,30.0,9.0,2
001035,11/18/2013 5:08:00 AM,66.0,41.0,6.0,4.0,1026.0,22.0,18.0,2
001035,11/18/2013 6:09:00 AM,105.0,62.0,16.0,4.0,1026.0,21.0,20.0,2
001035,11/18/2013 7:09:00 AM,40.0,20.0,24.0,3.0,1027.0,20.0,16.0,2
001035,11/18/2013 8:09:00 AM,31.0,19.0,21.0,3.0,1027.0,20.0,18.0,2
001035,11/18/2013 9:09:00 AM,44.0,28.0,21.0,4.0,1028.0,17.0,18.0,2
001035,11/18/2013 10:11:00 AM,40.0,23.0,15.0,5.0,1028.0,18.0,20.0,2
001035,11/18/2013 11:09:00 AM,28.0,19.0,9.0,6.0,1028.0,15.0,18.0,2
001035,11/18/2013 12:08:00 PM,21.0,19.0,7.0,7.0,1028.0,14.0,18.0,2
001035,11/18/2013 1:14:00 PM,20.0,14.0,6.0,8.0,1027.0,12.0,18.0,2
001035,11/18/2013 2:10:00 PM,15.0,11.0,5.0,8.0,1026.0,12.0,18.0,2
001035,11/18/2013 3:12:00 PM,20.0,11.0,4.0,8.0,1026.0,12.0,18.0,2
001035,11/18/2013 4:08:00 PM,21.0,27.0,5.0,9.0,1025.0,11.0,18.0,2
001035,11/18/2013 5:09:00 PM,25.0,29.0,6.0,9.0,1025.0,11.0,18.0,2
001035,11/18/2013 6:10:00 PM,40.0,45.0,11.0,9.0,1025.0,11.0,18.0,2
001035,11/18/2013 7:09:00 PM,55.0,51.0,19.0,4.0,1026.0,17.0,11.0,2
001035,11/18/2013 8:10:00 PM,70.0,53.0,19.0,4.0,1026.0,17.0,11.0,2
001035,11/18/2013 9:08:00 PM,53.0,38.0,17.0,3.0,1027.0,20.0,11.0,2
001035,11/18/2013 10:08:00 PM,51.0,48.0,16.0,3.0,1027.0,20.0,11.0,2
001035,11/18/2013 11:08:00 PM,57.0,33.0,21.0,3.0,1028.0,19.0,11.0,2
001035,11/19/2013 12:08:00 AM,42.0,27.0,17.0,3.0,1028.0,20.0,11.0,2
001035,11/19/2013 1:08:00 AM,27.0,16.0,11.0,1.0,1028.0,23.0,9.0,2
001035,11/19/2013 2:10:00 AM,17.0,6.0,8.0,1.0,1028.0,23.0,9.0,2
001035,11/19/2013 3:08:00 AM,8.0,9.0,9.0,0.0,1027.0,30.0,7.0,2
001035,11/19/2013 4:08:00 AM,10.0,8.0,10.0,0.0,1027.0,32.0,9.0,2
001035,11/19/2013 5:08:00 AM,7.0,8.0,10.0,0.0,1026.0,32.0,7.0,2
001035,11/19/2013 6:08:00 AM,11.0,9.0,10.0,0.0,1026.0,32.0,7.0,2
001035,11/19/2013 7:08:00 AM,24.0,21.0,16.0,-1.0,1026.0,34.0,4.0,2
001035,11/19/2013 8:10:00 AM,35.0,17.0,17.0,-1.0,1027.0,34.0,4.0,2
001035,11/19/2013 9:09:00 AM,35.0,27.0,16.0,0.0,1027.0,32.0,2.0,2
001035,11/19/2013 10:11:00 AM,45.0,45.0,14.0,2.0,1027.0,24.0,11.0,2
001035,11/19/2013 11:11:00 AM,38.0,27.0,12.0,3.0,1027.0,20.0,9.0,2
001035,11/19/2013 12:09:00 PM,50.0,34.0,13.0,5.0,1026.0,16.0,4.0,2
001035,11/19/2013 1:08:00 PM,50.0,33.0,12.0,6.0,1025.0,15.0,4.0,2
001035,11/19/2013 2:11:00 PM,58.0,40.0,15.0,6.0,1024.0,15.0,4.0,2
001035,11/19/2013 3:12:00 PM,61.0,49.0,15.0,7.0,1023.0,14.0,4.0,2
001035,11/19/2013 4:11:00 PM,61.0,47.0,13.0,8.0,1022.0,12.0,2.0,2
001035,11/19/2013 5:10:00 PM,65.0,48.0,14.0,7.0,1022.0,14.0,2.0,2
001035,11/19/2013 6:10:00 PM,71.0,53.0,17.0,5.0,1022.0,19.0,2.0,2
001035,11/19/2013 7:09:00 PM,76.0,56.0,26.0,2.0,1023.0,28.0,2.0,2
001035,11/19/2013 8:09:00 PM,88.0,63.0,32.0,5.0,1023.0,19.0,4.0,2
001035,11/19/2013 9:09:00 PM,93.0,66.0,32.0,5.0,1023.0,23.0,7.0,2
001035,11/19/2013 10:09:00 PM,107.0,69.0,32.0,5.0,1023.0,24.0,4.0,2
001035,11/19/2013 11:10:00 PM,116.0,73.0,31.0,-1.0,1023.0,51.0,4.0,2
001035,11/20/2013 12:09:00 AM,132.0,80.0,31.0,-1.0,1023.0,40.0,2.0,2
001035,11/20/2013 1:08:00 AM,160.0,84.0,34.0,-1.0,1023.0,51.0,2.0,2
001035,11/20/2013 2:09:00 AM,175.0,91.0,34.0,-2.0,1023.0,55.0,2.0,2
001035,12/9/2013 5:11:00 PM,37.0,6.0,8.0,6.0,1022.0,15.0,16.0,2
001035,12/9/2013 5:27:00 PM,15.0,13.0,12.0,6.0,1022.0,15.0,16.0,2
001035,12/9/2013 6:19:00 PM,15.0,13.0,12.0,5.0,1022.0,16.0,11.0,2
001035,12/9/2013 7:22:00 PM,24.0,19.0,20.0,2.0,1022.0,22.0,4.0,2
001035,12/10/2013 2:22:00 AM,117.0,55.0,28.0,-3.0,1022.0,43.0,2.0,2
001035,12/10/2013 2:36:00 AM,128.0,55.0,26.0,-4.0,1022.0,46.0,4.0,2
001035,12/10/2013 3:16:00 AM,128.0,55.0,26.0,-6.0,1021.0,58.0,4.0,2
001035,12/10/2013 4:16:00 AM,122.0,54.0,27.0,-6.0,1021.0,54.0,7.0,2
001035,12/10/2013 5:16:00 AM,116.0,51.0,24.0,-4.0,1020.0,54.0,4.0,2
001035,12/10/2013 6:18:00 AM,116.0,51.0,24.0,-5.0,1019.0,54.0,4.0,2
001035,12/10/2013 7:20:00 AM,121.0,51.0,23.0,-4.0,1019.0,54.0,2.0,2
001035,12/10/2013 8:19:00 AM,105.0,60.0,27.0,-4.0,1019.0,54.0,4.0,2
001035,12/10/2013 10:25:00 AM,185.0,93.0,22.0,-2.0,1019.0,51.0,4.0,2
001035,12/10/2013 11:16:00 AM,232.0,99.0,30.0,0.0,1019.0,41.0,2.0,2
001035,12/10/2013 12:21:00 PM,231.0,98.0,34.0,0.0,1019.0,41.0,2.0,1
001035,12/10/2013 5:24:00 PM,27.0,77.0,3.0,4.0,1019.0,14.0,29.0,1
001035,12/10/2013 6:15:00 PM,35.0,129.0,3.0,3.0,1020.0,16.0,29.0,2
001035,12/10/2013 7:19:00 PM,31.0,85.0,5.0,3.0,1021.0,15.0,29.0,2
001035,12/10/2013 8:19:00 PM,24.0,69.0,5.0,2.0,1022.0,17.0,25.0,2
001035,12/10/2013 9:19:00 PM,34.0,52.0,7.0,2.0,1022.0,17.0,22.0,2
001035,12/11/2013 2:15:00 AM,11.0,17.0,5.0,1.0,1022.0,18.0,22.0,2
001035,12/11/2013 2:30:00 AM,10.0,16.0,4.0,-1.0,1023.0,23.0,16.0,2
001035,12/11/2013 3:15:00 AM,10.0,16.0,4.0,-1.0,1023.0,23.0,16.0,2
001035,12/11/2013 4:16:00 AM,8.0,16.0,3.0,-2.0,1023.0,25.0,11.0,2
001035,12/11/2013 5:14:00 AM,12.0,21.0,4.0,-2.0,1022.0,25.0,9.0,2
001035,12/11/2013 6:12:00 AM,15.0,19.0,8.0,-2.0,1022.0,25.0,9.0,2
001035,12/11/2013 7:13:00 AM,25.0,32.0,23.0,-2.0,1022.0,25.0,9.0,2
001035,12/11/2013 8:12:00 AM,32.0,29.0,22.0,-2.0,1022.0,25.0,9.0,2
001035,12/11/2013 9:19:00 AM,47.0,35.0,20.0,-2.0,1022.0,25.0,9.0,2
001035,12/11/2013 10:23:00 AM,48.0,50.0,18.0,-1.0,1022.0,34.0,4.0,2
001035,12/11/2013 11:24:00 AM,86.0,54.0,12.0,-1.0,1022.0,34.0,4.0,2
001035,12/11/2013 12:22:00 PM,61.0,49.0,12.0,3.0,1021.0,16.0,13.0,2
001035,12/11/2013 1:22:00 PM,71.0,55.0,13.0,4.0,1019.0,15.0,13.0,2
001035,12/11/2013 2:20:00 PM,48.0,44.0,9.0,6.0,1017.0,13.0,22.0,2
001035,12/11/2013 3:23:00 PM,40.0,47.0,8.0,7.0,1016.0,11.0,18.0,2
001035,12/11/2013 4:22:00 PM,30.0,44.0,8.0,7.0,1016.0,11.0,16.0,2
001035,12/11/2013 5:18:00 PM,34.0,47.0,8.0,7.0,1016.0,12.0,18.0,2
001035,12/11/2013 6:19:00 PM,47.0,52.0,12.0,7.0,1016.0,13.0,13.0,2
001035,12/11/2013 7:20:00 PM,53.0,56.0,20.0,3.0,1017.0,19.0,2.0,2
001035,12/11/2013 8:24:00 PM,86.0,63.0,18.0,3.0,1017.0,20.0,2.0,2
001035,12/11/2013 9:17:00 PM,107.0,69.0,21.0,3.0,1017.0,17.0,4.0,2
001035,12/11/2013 11:23:00 PM,112.0,77.0,29.0,2.0,1017.0,20.0,4.0,2
001035,12/12/2013 1:36:00 AM,147.0,77.0,30.0,1.0,1017.0,22.0,2.0,2
001035,12/12/2013 1:48:00 AM,147.0,77.0,30.0,-1.0,1017.0,29.0,4.0,2
001035,12/12/2013 2:13:00 AM,147.0,77.0,30.0,-1.0,1017.0,29.0,4.0,2
001035,12/12/2013 3:12:00 AM,137.0,72.0,29.0,-1.0,1017.0,29.0,4.0,2
001035,12/12/2013 4:15:00 AM,141.0,75.0,28.0,-1.0,1017.0,29.0,4.0,2
001035,12/12/2013 5:12:00 AM,137.0,72.0,12.0,-1.0,1017.0,29.0,4.0,2
001035,12/12/2013 6:13:00 AM,137.0,74.0,16.0,-1.0,1017.0,29.0,4.0,2
001035,12/12/2013 7:13:00 AM,148.0,81.0,20.0,-1.0,1017.0,29.0,4.0,2
001035,12/12/2013 8:16:00 AM,93.0,66.0,11.0,-1.0,1017.0,29.0,4.0,2
001035,12/12/2013 9:19:00 AM,20.0,40.0,1.0,-1.0,1017.0,29.0,4.0,2
001035,12/12/2013 10:19:00 AM,30.0,153.0,1.0,0.0,1023.0,12.0,27.0,2
001035,12/12/2013 11:21:00 AM,21.0,92.0,1.0,0.0,1023.0,10.0,29.0,2
001035,12/12/2013 12:16:00 PM,21.0,107.0,1.0,0.0,1024.0,11.0,22.0,2
001035,12/12/2013 12:42:00 PM,15.0,44.0,1.0,0.0,1024.0,11.0,22.0,2
001035,12/12/2013 1:17:00 PM,15.0,44.0,1.0,1.0,1023.0,10.0,22.0,2
001035,12/12/2013 2:31:00 PM,11.0,57.0,1.0,1.0,1023.0,8.0,25.0,2
001035,12/13/2013 11:30:00 AM,133.0,73.0,8.0,-1.0,1028.0,23.0,2.0,2
001035,12/13/2013 12:18:00 PM,133.0,73.0,8.0,0.0,1027.0,14.0,2.0,2
001035,12/13/2013 1:20:00 PM,83.0,55.0,2.0,1.0,1026.0,12.0,4.0,2
001035,12/13/2013 2:15:00 PM,88.0,58.0,1.0,1.0,1026.0,13.0,4.0,2
001035,12/13/2013 3:17:00 PM,111.0,68.0,4.0,3.0,1024.0,11.0,7.0,2
001035,12/13/2013 4:13:00 PM,106.0,68.0,4.0,2.0,1023.0,12.0,9.0,2
001035,12/13/2013 5:14:00 PM,72.0,60.0,2.0,2.0,1023.0,12.0,9.0,2
001035,12/13/2013 6:16:00 PM,76.0,59.0,5.0,2.0,1024.0,14.0,7.0,2
001035,12/13/2013 7:15:00 PM,85.0,62.0,11.0,-4.0,1024.0,28.0,4.0,2
001035,12/13/2013 8:14:00 PM,120.0,77.0,20.0,-4.0,1024.0,26.0,4.0,2
001035,12/13/2013 8:37:00 PM,138.0,84.0,20.0,-4.0,1024.0,26.0,4.0,2
001035,12/13/2013 9:15:00 PM,138.0,84.0,20.0,-4.0,1024.0,26.0,4.0,2
001035,12/13/2013 10:32:00 PM,202.0,99.0,19.0,-4.0,1024.0,26.0,4.0,2
001035,12/13/2013 11:32:00 PM,216.0,99.0,14.0,-4.0,1024.0,26.0,4.0,2
001035,12/14/2013 12:36:00 AM,180.0,83.0,16.0,-7.0,1026.0,39.0,7.0,2
001035,12/14/2013 1:35:00 AM,238.0,105.0,11.0,-7.0,1026.0,42.0,4.0,2
001035,12/14/2013 2:34:00 AM,213.0,93.0,17.0,-8.0,1026.0,45.0,7.0,2
001035,12/14/2013 3:14:00 AM,213.0,93.0,17.0,-9.0,1026.0,53.0,7.0,2
001035,12/14/2013 4:13:00 AM,235.0,109.0,20.0,-8.0,1027.0,42.0,9.0,2
001035,12/14/2013 5:14:00 AM,244.0,111.0,26.0,-9.0,1027.0,38.0,2.0,2
001035,12/14/2013 6:14:00 AM,245.0,116.0,22.0,-7.0,1027.0,39.0,2.0,2
001035,12/14/2013 7:15:00 AM,248.0,108.0,16.0,-8.0,1028.0,42.0,9.0,2
001035,12/14/2013 8:14:00 AM,242.0,102.0,20.0,0.0,1029.0,41.0,7.0,2
001035,12/14/2013 9:15:00 AM,162.0,71.0,19.0,-8.0,1029.0,38.0,4.0,2
001035,12/14/2013 10:15:00 AM,77.0,38.0,15.0,-3.0,1030.0,26.0,4.0,2
001035,12/14/2013 11:14:00 AM,70.0,41.0,10.0,-1.0,1031.0,21.0,7.0,2
001035,12/14/2013 12:13:00 PM,56.0,42.0,8.0,1.0,1030.0,11.0,9.0,2
001035,12/14/2013 1:15:00 PM,57.0,38.0,8.0,3.0,1029.0,9.0,9.0,2
001035,12/14/2013 2:13:00 PM,70.0,50.0,11.0,3.0,1028.0,8.0,9.0,2
001035,12/14/2013 3:14:00 PM,101.0,63.0,12.0,4.0,1028.0,8.0,7.0,2
001035,12/14/2013 4:14:00 PM,95.0,59.0,13.0,5.0,1028.0,7.0,2.0,2
001035,12/14/2013 5:14:00 PM,106.0,70.0,20.0,4.0,1028.0,9.0,4.0,2
001035,12/14/2013 6:15:00 PM,120.0,74.0,22.0,1.0,1029.0,10.0,2.0,2
001035,12/14/2013 7:14:00 PM,123.0,77.0,24.0,-1.0,1029.0,16.0,4.0,2
001035,12/14/2013 8:15:00 PM,142.0,79.0,24.0,-3.0,1030.0,22.0,2.0,2
001035,12/14/2013 9:35:00 PM,145.0,74.0,22.0,-4.0,1030.0,28.0,2.0,2
001035,12/14/2013 10:31:00 PM,174.0,80.0,21.0,-2.0,1031.0,23.0,2.0,2
001035,12/14/2013 11:36:00 PM,157.0,79.0,21.0,-1.0,1031.0,21.0,7.0,2
001035,12/15/2013 12:37:00 AM,164.0,78.0,19.0,-3.0,1032.0,26.0,4.0,2
001035,12/15/2013 1:29:00 AM,177.0,80.0,19.0,-3.0,1032.0,29.0,4.0,2
001035,12/15/2013 2:33:00 AM,220.0,93.0,17.0,-3.0,1032.0,26.0,2.0,2
001035,12/15/2013 4:13:00 AM,218.0,96.0,17.0,-7.0,1033.0,36.0,7.0,2
001035,12/15/2013 5:14:00 AM,209.0,89.0,7.0,-5.0,1033.0,31.0,11.0,2
001035,12/15/2013 6:13:00 AM,214.0,92.0,21.0,-5.0,1033.0,28.0,9.0,2
001035,12/15/2013 7:14:00 AM,213.0,96.0,24.0,-2.0,1033.0,19.0,13.0,2
001035,12/15/2013 8:14:00 AM,218.0,104.0,26.0,-3.0,1033.0,22.0,11.0,2
001035,12/15/2013 9:15:00 AM,249.0,119.0,28.0,-2.0,1034.0,21.0,7.0,2
001035,12/15/2013 10:15:00 AM,293.0,139.0,31.0,0.0,1035.0,18.0,2.0,2
001035,12/15/2013 11:13:00 AM,235.0,119.0,26.0,1.0,1036.0,15.0,4.0,2
001035,12/15/2013 12:14:00 PM,85.0,47.0,23.0,3.0,1036.0,13.0,4.0,2
001035,12/15/2013 1:14:00 PM,68.0,23.0,18.0,4.0,1034.0,10.0,2.0,2
001035,12/15/2013 2:14:00 PM,53.0,35.0,17.0,4.0,1033.0,10.0,2.0,2
001035,12/15/2013 3:13:00 PM,44.0,19.0,8.0,5.0,1032.0,10.0,4.0,2
001035,12/15/2013 4:15:00 PM,28.0,21.0,6.0,5.0,1032.0,11.0,2.0,2
001035,12/15/2013 5:15:00 PM,63.0,42.0,12.0,4.0,1032.0,11.0,4.0,2
001035,12/15/2013 6:17:00 PM,95.0,59.0,21.0,1.0,1033.0,17.0,2.0,2
001035,12/15/2013 7:26:00 PM,155.0,81.0,14.0,0.0,1033.0,21.0,2.0,2
001035,12/15/2013 8:34:00 PM,146.0,75.0,29.0,-2.0,1034.0,34.0,2.0,2
001035,12/15/2013 9:35:00 PM,126.0,71.0,30.0,-2.0,1033.0,37.0,2.0,2
001035,12/15/2013 10:38:00 PM,146.0,75.0,28.0,-4.0,1033.0,43.0,2.0,2
001035,12/15/2013 11:35:00 PM,201.0,93.0,29.0,-5.0,1034.0,43.0,2.0,2
001035,12/16/2013 12:35:00 AM,213.0,97.0,26.0,-4.0,1034.0,40.0,2.0,2
001035,12/16/2013 1:34:00 AM,221.0,99.0,27.0,-5.0,1034.0,50.0,2.0,2
001035,12/16/2013 2:33:00 AM,227.0,100.0,25.0,-5.0,1034.0,46.0,2.0,2
001035,12/16/2013 4:14:00 AM,218.0,94.0,23.0,-6.0,1033.0,54.0,2.0,2
001035,12/16/2013 5:14:00 AM,205.0,89.0,21.0,-7.0,1032.0,49.0,4.0,2
001035,12/16/2013 6:14:00 AM,213.0,94.0,22.0,-7.0,1032.0,54.0,4.0,2
001035,12/16/2013 7:15:00 AM,203.0,94.0,19.0,-8.0,1031.0,53.0,4.0,2
001035,12/16/2013 8:15:00 AM,217.0,92.0,22.0,-7.0,1031.0,54.0,4.0,2
001035,12/16/2013 9:16:00 AM,215.0,93.0,25.0,-8.0,1032.0,53.0,7.0,2
001035,12/16/2013 10:14:00 AM,238.0,116.0,20.0,-6.0,1032.0,58.0,2.0,2
001035,12/16/2013 11:16:00 AM,279.0,135.0,27.0,-3.0,1033.0,43.0,2.0,2
001035,12/16/2013 12:15:00 PM,318.0,143.0,39.0,-1.0,1032.0,37.0,2.0,1
001035,12/16/2013 1:15:00 PM,295.0,127.0,41.0,0.0,1032.0,32.0,2.0,1
001035,12/16/2013 2:15:00 PM,280.0,116.0,39.0,1.0,1030.0,23.0,2.0,1
001035,12/16/2013 3:15:00 PM,277.0,111.0,36.0,2.0,1029.0,22.0,2.0,1
001035,12/16/2013 4:14:00 PM,247.0,100.0,33.0,2.0,1029.0,24.0,2.0,1
001035,12/16/2013 5:14:00 PM,241.0,101.0,34.0,1.0,1029.0,25.0,2.0,1
001035,12/16/2013 6:15:00 PM,251.0,104.0,39.0,-2.0,1029.0,37.0,2.0,3
001035,12/16/2013 7:14:00 PM,322.0,132.0,42.0,-2.0,1029.0,40.0,2.0,3
001035,12/16/2013 8:16:00 PM,308.0,133.0,44.0,-2.0,1030.0,43.0,2.0,3
001035,12/16/2013 9:34:00 PM,323.0,142.0,42.0,-2.0,1030.0,51.0,2.0,3
001035,12/16/2013 10:35:00 PM,319.0,141.0,40.0,-1.0,1030.0,44.0,2.0,3
001035,12/16/2013 11:34:00 PM,307.0,136.0,38.0,-1.0,1031.0,44.0,2.0,3
001035,12/17/2013 12:34:00 AM,317.0,138.0,38.0,-1.0,1031.0,44.0,2.0,3
001035,12/17/2013 1:32:00 AM,340.0,152.0,38.0,-2.0,1031.0,47.0,4.0,3
001035,12/17/2013 2:13:00 AM,340.0,152.0,38.0,-3.0,1031.0,47.0,4.0,3
001035,12/17/2013 3:13:00 AM,366.0,163.0,39.0,-3.0,1031.0,51.0,4.0,3
001035,12/17/2013 4:13:00 AM,344.0,152.0,39.0,-2.0,1032.0,47.0,4.0,3
001035,12/17/2013 5:13:00 AM,313.0,139.0,39.0,-1.0,1031.0,44.0,7.0,3
001035,12/17/2013 6:13:00 AM,298.0,138.0,36.0,-2.0,1031.0,47.0,4.0,3
001035,12/17/2013 7:15:00 AM,262.0,126.0,32.0,-2.0,1032.0,47.0,2.0,3
001035,12/17/2013 8:14:00 AM,250.0,114.0,28.0,0.0,1032.0,30.0,9.0,3
001035,12/17/2013 9:14:00 AM,263.0,120.0,28.0,0.0,1033.0,30.0,11.0,3
001035,12/17/2013 2:15:00 PM,37.0,7.0,5.0,1.0,1033.0,22.0,7.0,1
001035,12/17/2013 3:12:00 PM,35.0,9.0,4.0,2.0,1032.0,20.0,7.0,1
001035,12/17/2013 4:15:00 PM,41.0,24.0,5.0,2.0,1032.0,18.0,7.0,1
001035,12/17/2013 5:14:00 PM,222.0,108.0,26.0,1.0,1032.0,20.0,7.0,1
001035,12/17/2013 6:23:00 PM,203.0,81.0,26.0,0.0,1033.0,21.0,4.0,2
001035,12/17/2013 7:34:00 PM,212.0,80.0,25.0,-3.0,1034.0,31.0,4.0,2
001035,12/17/2013 8:33:00 PM,212.0,82.0,24.0,-1.0,1035.0,23.0,9.0,2
001035,12/17/2013 9:49:00 PM,211.0,81.0,11.0,-2.0,1035.0,23.0,9.0,2
001035,12/17/2013 10:37:00 PM,222.0,88.0,17.0,-3.0,1036.0,24.0,9.0,2
001035,12/17/2013 11:38:00 PM,232.0,93.0,19.0,-4.0,1037.0,26.0,11.0,2
001035,12/18/2013 12:37:00 AM,219.0,86.0,20.0,-5.0,1037.0,28.0,11.0,2
001035,12/18/2013 1:19:00 AM,219.0,86.0,20.0,-5.0,1037.0,28.0,11.0,2
001035,12/18/2013 2:18:00 AM,154.0,60.0,18.0,-6.0,1037.0,30.0,9.0,2
001035,12/18/2013 11:08:00 AM,73.0,48.0,16.0,-4.0,1035.0,28.0,9.0,2
001035,12/18/2013 11:45:00 AM,61.0,32.0,14.0,-4.0,1035.0,28.0,9.0,2
001035,12/18/2013 12:16:00 PM,61.0,32.0,14.0,-1.0,1034.0,23.0,9.0,2
001035,12/18/2013 1:16:00 PM,48.0,24.0,10.0,1.0,1032.0,15.0,11.0,2
001035,12/18/2013 2:16:00 PM,80.0,50.0,12.0,0.0,1031.0,17.0,4.0,2
001035,12/18/2013 3:15:00 PM,97.0,57.0,12.0,0.0,1030.0,21.0,4.0,2
001035,12/18/2013 4:16:00 PM,108.0,57.0,10.0,1.0,1029.0,17.0,2.0,2
001035,12/18/2013 5:15:00 PM,110.0,61.0,12.0,0.0,1029.0,18.0,4.0,2
001035,12/18/2013 6:14:00 PM,105.0,56.0,14.0,-3.0,1029.0,26.0,4.0,2
001035,12/18/2013 7:14:00 PM,110.0,61.0,18.0,-3.0,1029.0,26.0,7.0,2
001035,12/18/2013 8:15:00 PM,118.0,64.0,20.0,-4.0,1029.0,28.0,4.0,2
001035,12/18/2013 9:16:00 PM,131.0,68.0,22.0,-5.0,1029.0,33.0,2.0,2
001035,12/18/2013 10:14:00 PM,147.0,74.0,21.0,-8.0,1030.0,45.0,4.0,2
001035,12/18/2013 11:18:00 PM,135.0,65.0,20.0,-7.0,1030.0,46.0,2.0,2
001035,12/19/2013 12:17:00 AM,131.0,63.0,9.0,-6.0,1030.0,36.0,2.0,2
001035,12/19/2013 1:16:00 AM,140.0,63.0,9.0,-9.0,1030.0,41.0,7.0,2
001035,12/19/2013 2:16:00 AM,138.0,62.0,9.0,-7.0,1030.0,42.0,4.0,2
001035,12/19/2013 3:16:00 AM,148.0,66.0,9.0,0.0,1030.0,53.0,4.0,2
001035,12/19/2013 4:15:00 AM,156.0,66.0,8.0,-8.0,1030.0,42.0,4.0,2
001035,12/19/2013 5:14:00 AM,175.0,71.0,7.0,-9.0,1030.0,45.0,2.0,2
001035,12/19/2013 6:14:00 AM,170.0,71.0,7.0,1.0,1030.0,53.0,7.0,2
001035,12/19/2013 7:16:00 AM,221.60678596336572,74.82879924360994,41.31169950643488,23.452086239894875,1044.2716529829897,42.0649516064329,17.184969397931507,7
001035,12/19/2013 8:15:00 AM,156.0,72.0,9.0,-8.0,1031.0,42.0,7.0,2
001035,12/19/2013 9:24:00 AM,156.0,72.0,9.0,-8.0,1031.0,42.0,7.0,2
001035,12/19/2013 10:14:00 AM,156.0,72.0,9.0,-8.0,1031.0,42.0,7.0,2
001035,12/19/2013 11:15:00 AM,156.0,72.0,9.0,-8.0,1031.0,42.0,7.0,2
001035,12/19/2013 12:41:00 PM,156.0,72.0,9.0,-8.0,1031.0,42.0,7.0,2
001035,12/19/2013 1:15:00 PM,156.0,72.0,9.0,-8.0,1031.0,42.0,7.0,2
001035,12/19/2013 2:15:00 PM,156.0,72.0,9.0,-8.0,1031.0,42.0,7.0,2
001035,12/19/2013 3:16:00 PM,156.0,72.0,9.0,-8.0,1031.0,42.0,7.0,2
001035,12/19/2013 4:16:00 PM,156.0,72.0,9.0,-8.0,1031.0,42.0,7.0,2
001035,12/19/2013 5:21:00 PM,66.0,56.0,9.0,0.0,1030.0,20.0,4.0,2
001035,12/19/2013 6:16:00 PM,61.0,53.0,25.0,-1.0,1030.0,23.0,2.0,2
001035,12/19/2013 7:16:00 PM,65.0,57.0,26.0,-2.0,1030.0,23.0,2.0,2
001035,12/19/2013 8:15:00 PM,80.0,59.0,28.0,-4.0,1031.0,31.0,4.0,2
001035,12/19/2013 9:17:00 PM,91.0,63.0,30.0,-4.0,1032.0,31.0,4.0,2
001035,12/19/2013 10:18:00 PM,116.0,72.0,29.0,-6.0,1032.0,42.0,4.0,2
001035,12/19/2013 11:19:00 PM,107.0,69.0,28.0,-8.0,1032.0,45.0,4.0,2
001035,12/20/2013 12:19:00 AM,112.0,70.0,28.0,-9.0,1032.0,49.0,7.0,2
001035,12/20/2013 1:15:00 AM,130.0,76.0,27.0,-8.0,1032.0,45.0,7.0,2
001035,12/20/2013 2:16:00 AM,148.0,82.0,26.0,-6.0,1033.0,39.0,4.0,2
001035,12/20/2013 3:15:00 AM,198.0,98.0,24.0,-6.0,1033.0,36.0,7.0,2
001035,12/20/2013 4:15:00 AM,185.0,94.0,27.0,-9.0,1033.0,49.0,7.0,2
001035,12/20/2013 5:15:00 AM,185.0,92.0,26.0,0.0,1033.0,53.0,7.0,2
001035,12/20/2013 6:14:00 AM,187.0,87.0,20.0,-7.0,1033.0,42.0,7.0,2
001035,12/20/2013 7:15:00 AM,181.0,91.0,22.0,-9.0,1033.0,49.0,7.0,2
001035,12/20/2013 8:17:00 AM,167.0,88.0,24.0,1.0,1034.0,57.0,4.0,2
001035,12/20/2013 9:16:00 AM,191.0,98.0,23.0,0.0,1035.0,57.0,4.0,2
001035,12/20/2013 10:15:00 AM,237.0,130.0,25.0,-6.0,1035.0,50.0,7.0,2
001035,12/20/2013 11:18:00 AM,197.0,92.0,28.0,-2.0,1035.0,34.0,7.0,2
001035,12/20/2013 12:16:00 PM,117.0,68.0,33.0,1.0,1036.0,20.0,2.0,2
001035,12/20/2013 1:16:00 PM,126.0,78.0,36.0,1.0,1035.0,20.0,7.0,2
001035,12/20/2013 2:17:00 PM,110.0,71.0,34.0,1.0,1035.0,20.0,7.0,2
001035,12/20/2013 3:16:00 PM,103.0,65.0,30.0,2.0,1034.0,17.0,4.0,2
001035,12/20/2013 4:15:00 PM,31.0,24.0,9.0,2.0,1034.0,17.0,4.0,2
001035,12/20/2013 5:15:00 PM,25.0,25.0,8.0,1.0,1034.0,18.0,2.0,2
001035,12/20/2013 6:15:00 PM,38.0,32.0,14.0,-1.0,1034.0,25.0,2.0,2
001035,12/20/2013 7:15:00 PM,73.0,54.0,22.0,-3.0,1035.0,31.0,2.0,2
001035,12/20/2013 8:15:00 PM,102.0,65.0,30.0,-4.0,1035.0,36.0,4.0,2
001035,12/20/2013 9:14:00 PM,78.0,64.0,31.0,-5.0,1036.0,43.0,4.0,2
001035,12/20/2013 10:14:00 PM,78.0,60.0,33.0,-5.0,1036.0,36.0,7.0,2
001035,12/20/2013 11:13:00 PM,86.0,62.0,33.0,-2.0,1036.0,31.0,9.0,2
001035,12/21/2013 12:13:00 AM,98.0,72.0,34.0,-4.0,1037.0,31.0,4.0,2
001035,12/21/2013 1:13:00 AM,133.0,84.0,29.0,-4.0,1037.0,31.0,2.0,2
001035,12/21/2013 2:14:00 AM,248.0,139.0,35.0,-5.0,1037.0,33.0,7.0,2
001035,12/21/2013 3:14:00 AM,187.0,90.0,35.0,-3.0,1037.0,31.0,7.0,2
001035,12/21/2013 4:14:00 AM,115.0,56.0,31.0,-4.0,1037.0,31.0,9.0,2
001035,12/21/2013 5:14:00 AM,140.0,71.0,14.0,-5.0,1037.0,33.0,7.0,2
001035,12/21/2013 6:14:00 AM,195.0,94.0,32.0,-6.0,1037.0,36.0,7.0,2
001035,12/21/2013 7:14:00 AM,197.0,94.0,35.0,-8.0,1036.0,45.0,7.0,2
001035,12/21/2013 8:15:00 AM,205.0,106.0,41.0,-8.0,1036.0,45.0,4.0,2
001035,12/21/2013 9:15:00 AM,231.0,120.0,43.0,-8.0,1037.0,53.0,9.0,2
001035,12/21/2013 10:14:00 AM,237.0,132.0,43.0,-3.0,1037.0,37.0,9.0,2
001035,12/21/2013 11:14:00 AM,251.0,142.0,39.0,-2.0,1037.0,29.0,9.0,2
001035,12/21/2013 12:13:00 PM,107.0,62.0,34.0,-2.0,1037.0,29.0,9.0,2
001035,12/21/2013 1:13:00 PM,70.0,33.0,28.0,-2.0,1037.0,29.0,9.0,2
001035,12/21/2013 2:13:00 PM,97.0,58.0,32.0,-2.0,1037.0,29.0,9.0,2
001035,12/21/2013 3:14:00 PM,142.00682662751888,102.63791310798248,46.32252623504964,4.530912510736135,1037.9319819346867,62.80971827439856,17.604273436909004,8
001035,12/21/2013 4:15:00 PM,151.6392669027304,86.40841325073792,19.715658490784378,-7.993599889422448,986.9295026555593,17.762604479327862,-29.85328507906521,8
001035,12/21/2013 5:14:00 PM,231.27762846392125,125.3752176940904,52.73584700702465,16.280381698271015,1127.8878952785296,35.97671169320732,-8.812231785071344,8
001035,12/21/2013 6:16:00 PM,218.06178880747134,126.59080136963553,44.11342110042476,34.89868978379429,1040.62797845517,-10.298545213079365,21.37993357297341,8
001035,12/21/2013 7:16:00 PM,251.46397468002502,120.92017508247702,78.42947190982856,9.734126616137681,1024.0625608353007,15.080978336226794,9.205296611796484,8
001035,12/21/2013 8:15:00 PM,391.3705986697068,260.4498972332982,60.23611737404859,10.239292009988803,1110.3166049089655,59.93317245375199,-0.3707516582109065,8
001035,12/21/2013 9:14:00 PM,388.56142709067655,265.6497124736244,54.69887964671267,5.799622739376051,1020.6246868691933,16.91220050828007,15.042206936131006,8
001035,12/21/2013 10:15:00 PM,362.96809544895785,200.57590593850216,76.54125530723937,-9.249873781906143,1058.2708578303354,45.535576251239576,-6.367256940957226,8
001035,12/21/2013 11:13:00 PM,354.283193295191,185.45325367805629,84.82880317673761,-11.894184681334028,1015.7789496438162,45.47314142232743,-4.0088779929108025,8
001035,12/22/2013 12:14:00 AM,375.1805339040179,213.22842886212078,14.699871384763448,-37.442527376620035,974.3687169974376,38.755150618378,-16.872572776028427,8
001035,12/22/2013 1:14:00 AM,391.8257452691996,213.34984767086925,33.1255248071665,-5.472136058356649,1031.9369121836878,48.40519877291294,-2.997990139217353,8
001035,12/22/2013 3:14:00 AM,398.0288257864978,271.5850953827305,53.492097213547844,32.501902456908155,1071.289534559522,66.14045766686614,56.078070670099336,8
001035,12/22/2013 4:13:00 AM,410.1465611990195,242.93098619045614,14.332748873572601,-29.40461123631205,1047.9243743929346,32.42932082684676,-28.713740718850495,8
001035,12/22/2013 5:14:00 AM,370.57145771644497,196.73388180574722,56.15236717985353,0.6070483552448351,1010.2742270058505,40.68630618189195,-0.25754668354813415,8
001035,12/22/2013 6:14:00 AM,359.90132438186197,211.8043936440707,52.53707857736395,28.402731813589348,1009.6928970165322,56.245733707083296,-10.856197328520484,8
001035,12/22/2013 7:13:00 AM,398.5212229659061,208.00611020722368,74.70381991542783,-11.069805250630885,1101.7553721274,74.41317720640258,-11.858618689470294,8
001035,12/22/2013 8:14:00 AM,371.0,196.0,37.0,-8.0,1033.0,53.0,4.0,2
001035,12/22/2013 9:15:00 AM,373.0,200.0,35.0,-8.0,1033.0,53.0,4.0,2
001035,12/22/2013 10:15:00 AM,392.0,252.0,34.0,-8.0,1034.0,53.0,7.0,2
001035,12/22/2013 11:15:00 AM,438.0,424.0,36.0,-4.0,1034.0,46.0,2.0,2
001035,12/22/2013 12:14:00 PM,433.0,298.0,59.0,-2.0,1034.0,37.0,2.0,2
001035,12/22/2013 1:14:00 PM,410.0,250.0,64.0,0.0,1032.0,32.0,2.0,2
001035,12/22/2013 2:14:00 PM,406.0,222.0,66.0,0.0,1032.0,32.0,2.0,2
001035,12/22/2013 3:14:00 PM,390.0,208.0,63.0,1.0,1031.0,25.0,2.0,2
001035,12/22/2013 4:13:00 PM,329.0,159.0,49.0,1.0,1030.0,25.0,4.0,2
001035,12/22/2013 5:14:00 PM,283.0,134.0,37.0,0.0,1030.0,30.0,4.0,2
001035,12/22/2013 6:14:00 PM,264.0,122.0,42.0,0.0,1030.0,27.0,2.0,2
001035,12/22/2013 7:13:00 PM,294.0,142.0,48.0,-3.0,1031.0,47.0,2.0,2
001035,12/22/2013 8:14:00 PM,333.0,163.0,50.0,-4.0,1031.0,54.0,2.0,2
001035,12/22/2013 9:15:00 PM,335.0,169.0,50.0,-5.0,1031.0,59.0,2.0,2
001035,12/22/2013 11:15:00 PM,342.0,179.0,49.0,-7.0,1031.0,63.0,4.0,2
001035,12/23/2013 12:36:00 AM,349.0,183.0,48.0,-9.0,1031.0,68.0,2.0,2
001035,12/23/2013 1:14:00 AM,349.0,183.0,48.0,-8.0,1031.0,63.0,2.0,2
001035,12/23/2013 2:15:00 AM,354.0,183.0,48.0,-8.0,1031.0,68.0,7.0,2
001035,12/23/2013 3:14:00 AM,367.0,191.0,41.0,-8.0,1031.0,58.0,4.0,2
001035,12/23/2013 4:14:00 AM,408.0,230.0,39.0,-9.0,1031.0,62.0,4.0,2
001035,12/23/2013 5:14:00 AM,392.0,198.0,38.0,-9.0,1031.0,58.0,7.0,2
001035,12/23/2013 6:14:00 AM,390.0,205.0,42.0,-7.0,1031.0,58.0,7.0,2
001035,12/23/2013 7:15:00 AM,412.0,235.0,46.0,-7.0,1031.0,54.0,9.0,2
001035,12/23/2013 8:15:00 AM,415.0,271.0,49.0,-9.0,1031.0,58.0,9.0,2
001035,12/23/2013 9:17:00 AM,420.0,268.0,48.0,-6.0,1031.0,50.0,9.0,2
001035,12/23/2013 10:16:00 AM,434.0,322.0,54.0,-2.0,1032.0,43.0,7.0,2
001035,12/23/2013 11:17:00 AM,427.0,316.0,61.0,2.0,1033.0,26.0,7.0,2
001035,12/23/2013 12:15:00 PM,406.0,235.0,74.0,3.0,1033.0,22.0,9.0,2
001035,12/23/2013 1:16:00 PM,242.0,106.0,51.0,4.0,1032.0,21.0,11.0,2
001035,12/23/2013 2:17:00 PM,177.0,73.0,48.0,5.0,1031.0,19.0,9.0,2
001035,12/23/2013 3:16:00 PM,87.0,31.0,25.0,6.0,1031.0,16.0,7.0,2
001035,12/23/2013 4:15:00 PM,65.0,15.0,16.0,6.0,1031.0,16.0,7.0,2
001035,12/23/2013 5:14:00 PM,71.0,29.0,19.0,5.0,1031.0,16.0,4.0,2
001035,12/23/2013 6:15:00 PM,102.0,60.0,30.0,1.0,1032.0,23.0,4.0,2
001035,12/23/2013 7:15:00 PM,135.0,75.0,37.0,1.0,1032.0,25.0,4.0,2
001035,12/23/2013 8:14:00 PM,152.0,84.0,45.0,1.0,1033.0,28.0,4.0,2
001035,12/23/2013 9:14:00 PM,190.0,99.0,51.0,-2.0,1034.0,40.0,2.0,2
001035,12/23/2013 11:14:00 PM,266.0,135.0,55.0,-4.0,1035.0,50.0,2.0,2
001035,12/24/2013 12:14:00 AM,230.0,111.0,54.0,-5.0,1035.0,54.0,2.0,2
001035,12/24/2013 1:14:00 AM,216.0,108.0,48.0,-6.0,1036.0,58.0,2.0,2
001035,12/24/2013 2:13:00 AM,321.0,170.0,44.0,-6.0,1036.0,54.0,2.0,2
001035,12/24/2013 3:14:00 AM,311.0,149.0,50.0,-9.0,1036.0,62.0,2.0,2
001035,12/24/2013 4:14:00 AM,244.0,122.0,51.0,-7.0,1036.0,63.0,2.0,2
001035,12/24/2013 7:17:00 AM,273.0,130.0,49.0,-9.0,1035.0,68.0,4.0,2
001035,12/24/2013 8:15:00 AM,259.0,142.0,52.0,-9.0,1036.0,68.0,2.0,2
001035,12/24/2013 9:17:00 AM,267.0,145.0,53.0,-9.0,1036.0,73.0,4.0,2
001035,12/24/2013 11:16:00 AM,364.0,271.0,44.0,-5.0,1036.0,59.0,2.0,2
001035,12/24/2013 12:15:00 PM,4.0,270.0,66.0,-1.0,1036.0,47.0,2.0,5
001035,12/24/2013 1:17:00 PM,4.0,270.0,32.0,0.0,1035.0,48.0,2.0,5
001035,12/24/2013 2:16:00 PM,344.0,123.0,102.0,0.0,1034.0,44.0,2.0,5
001035,12/24/2013 3:15:00 PM,400.0,100.0,93.0,1.0,1033.0,44.0,2.0,5
001035,12/24/2013 4:15:00 PM,388.0,86.0,92.0,1.0,1032.0,44.0,2.0,5
001035,12/24/2013 5:16:00 PM,397.0,99.0,91.0,0.0,1032.0,44.0,2.0,5
001035,12/24/2013 6:14:00 PM,407.0,107.0,95.0,-2.0,1031.0,55.0,2.0,2
001035,12/24/2013 7:15:00 PM,412.0,112.0,96.0,-4.0,1032.0,64.0,4.0,2
001035,12/24/2013 8:15:00 PM,419.0,116.0,98.0,-4.0,1032.0,64.0,2.0,2
001035,12/24/2013 9:15:00 PM,468.0,129.0,101.0,-4.0,1032.0,64.0,4.0,2
001035,12/24/2013 10:14:00 PM,456.0,130.0,101.0,-4.0,1032.0,64.0,2.0,2
001035,12/24/2013 11:15:00 PM,442.0,126.0,98.0,-4.0,1031.0,69.0,2.0,2
001035,12/25/2013 1:14:00 AM,450.0,129.0,93.0,-6.0,1031.0,74.0,4.0,2
001035,12/25/2013 2:19:00 AM,458.0,129.0,88.0,-7.0,1030.0,74.0,4.0,2
001035,12/25/2013 3:14:00 AM,499.0,139.0,79.0,-7.0,1029.0,74.0,4.0,2
001035,12/25/2013 4:14:00 AM,487.0,137.0,83.0,-7.0,1029.0,80.0,4.0,2
001035,12/25/2013 5:14:00 AM,466.0,131.0,72.0,-7.0,1028.0,74.0,4.0,2
001035,12/25/2013 6:14:00 AM,481.0,132.0,71.0,-7.0,1028.0,74.0,4.0,2
001035,12/25/2013 7:16:00 AM,470.0,130.0,65.0,-8.0,1028.0,73.0,7.0,2
001035,12/25/2013 8:15:00 AM,468.0,131.0,57.0,-8.0,1028.0,73.0,4.0,2
001035,12/25/2013 9:16:00 AM,476.0,130.0,27.0,-8.0,1029.0,73.0,7.0,2
001035,12/25/2013 10:15:00 AM,464.0,131.0,52.0,-6.0,1029.0,74.0,9.0,2
001035,12/25/2013 11:15:00 AM,485.0,138.0,60.0,-3.0,1029.0,69.0,4.0,2
001035,12/25/2013 12:15:00 PM,500.0,142.0,88.0,-1.0,1028.0,55.0,7.0,5
001035,12/25/2013 1:15:00 PM,444.0,136.0,50.0,2.0,1026.0,38.0,7.0,5
001035,12/25/2013 2:17:00 PM,409.0,138.0,90.0,5.0,1025.0,29.0,9.0,5
001035,12/25/2013 3:15:00 PM,408.0,120.0,96.0,7.0,1024.0,21.0,9.0,5
001035,12/25/2013 4:15:00 PM,415.0,121.0,101.0,6.0,1024.0,21.0,9.0,5
001035,12/25/2013 5:17:00 PM,423.0,131.0,102.0,6.0,1025.0,15.0,18.0,5
001035,12/25/2013 6:15:00 PM,444.0,141.0,101.0,5.0,1025.0,15.0,18.0,2
001035,12/25/2013 7:14:00 PM,464.0,147.0,102.0,2.0,1028.0,14.0,16.0,2
001035,12/25/2013 8:14:00 PM,294.0,111.0,56.0,1.0,1030.0,15.0,18.0,2
001035,12/25/2013 9:16:00 PM,68.0,127.0,9.0,-1.0,1031.0,18.0,34.0,2
001035,12/25/2013 10:27:00 PM,24.0,43.0,7.0,-2.0,1031.0,19.0,31.0,2
001035,12/25/2013 11:16:00 PM,22.424289415588497,55.930285316949465,4.5727433937788895,-20.16262131960731,987.2818171448239,55.71892971993191,54.39899491238042,8
001035,12/26/2013 12:33:00 AM,4.503672436570483,8.792101574355781,-2.469455342652523,36.980889045805256,1021.3514422186137,34.34871443885518,43.70473729063329,8
001035,12/26/2013 1:14:00 AM,-9.919478175278282,53.03214694615124,23.004989544989968,-20.582092949242934,987.1873272040334,-7.997678590277545,6.55056320694165,8
001035,12/26/2013 2:14:00 AM,-12.717948912718434,-41.29087532197434,-8.396747238740328,-40.06307055564354,1031.8152737648327,46.29820227961808,35.55616356744749,8
001035,12/26/2013 3:14:00 AM,-1.2472691755760863,3.0807602736536364,-20.730989711436624,-19.489625843016405,1029.1918049967455,64.81017673312937,18.27860545119198,8
001035,12/26/2013 4:14:00 AM,-3.2245800875448847,3.6861141953107612,4.675390527812855,1.7579508206239405,1046.4098278375327,-4.350284438760166,58.27308271936088,8
001035,12/26/2013 5:14:00 AM,17.012417327524226,38.07047547162102,5.067400581199672,-7.347475060272174,1053.4204618204874,2.5534672117185337,14.709383123971978,8
001035,12/26/2013 6:15:00 AM,-12.455102666700018,20.914643357949714,31.358580250448938,17.425071117181762,981.3927120156042,14.386797440773142,16.419318178031574,8
001035,12/26/2013 7:15:00 AM,56.87111818605173,15.012619100733238,10.44930520562984,-60.469763411593675,1021.6804193279511,4.193969548314136,32.62317328000151,8
001035,12/26/2013 8:18:00 AM,23.324315179307863,-54.053056419701036,-17.93058929054013,-27.805628133236088,1075.127572742906,7.301694595559905,10.330598365532998,8
001035,12/26/2013 9:17:00 AM,21.548834650427576,6.976493088963508,35.81996089508168,-13.2749478808744,1021.33326081524,22.849356413444223,-18.525762737997113,8
001035,12/26/2013 10:16:00 AM,18.740105027274037,-15.324275392336695,18.150397187225845,0.8867014045469164,1005.7183620485876,27.811387753315785,36.87675681361139,8
001035,12/26/2013 11:16:00 AM,28.267580318767255,19.285331225753225,0.5740011005659778,-26.347380860728926,1018.5178862792293,13.29195485700805,53.27247000078291,8
001035,12/26/2013 12:18:00 PM,55.554430437186696,53.44722345029412,-24.78420002767851,19.541608026586808,1044.5160545680583,17.954823125000775,6.787961279728378,8
001035,12/26/2013 1:20:00 PM,5.794558020533202,1.2547268976002943,6.545554779337573,-7.684265611349446,1083.868127798727,46.572437875959295,-2.1594275516751793,8
001035,12/26/2013 2:19:00 PM,3.1816121830783137,12.733884437863761,18.633456686800844,-9.936456883824603,1067.2976989105769,6.1940930197117146,-4.800302875651926,8
001035,12/26/2013 3:17:00 PM,7.123027869507224,14.008792486151888,17.485718604411492,-21.757779643978925,1049.1581585260376,34.14481618525924,25.57610745835449,8
001035,12/26/2013 4:18:00 PM,11.0,23.0,4.0,2.0,1033.0,11.0,22.0,2
001035,12/26/2013 5:19:00 PM,10.0,27.0,5.0,2.0,1033.0,12.0,22.0,2
001035,12/26/2013 6:17:00 PM,14.0,22.0,8.0,1.0,1034.0,13.0,18.0,2
001035,12/26/2013 7:22:00 PM,20.0,22.0,12.0,0.0,1034.0,14.0,22.0,2
001035,12/26/2013 8:19:00 PM,22.0,26.0,18.0,0.0,1034.0,13.0,22.0,2
001035,12/26/2013 9:15:00 PM,24.0,24.0,19.0,0.0,1034.0,17.0,22.0,2
001035,12/26/2013 10:15:00 PM,35.0,28.0,24.0,-1.0,1034.0,18.0,20.0,2
001035,12/26/2013 11:15:00 PM,41.0,31.0,34.0,-1.0,1034.0,18.0,16.0,2
001035,12/27/2013 12:14:00 AM,38.0,28.0,35.0,-4.0,1034.0,22.0,11.0,2
001035,12/27/2013 1:14:00 AM,35.0,28.0,34.0,-4.0,1034.0,22.0,9.0,2
001035,12/27/2013 2:14:00 AM,44.0,44.0,34.0,-3.0,1034.0,21.0,11.0,2
001035,12/27/2013 3:15:00 AM,78.0,51.0,33.0,-3.0,1034.0,21.0,13.0,2
001035,12/27/2013 4:14:00 AM,73.0,47.0,42.0,-2.0,1034.0,19.0,13.0,2
001035,12/27/2013 5:15:00 AM,78.0,41.0,20.0,-3.0,1033.0,21.0,13.0,2
001035,12/27/2013 6:15:00 AM,73.0,40.0,33.0,-3.0,1033.0,21.0,13.0,2
001035,12/27/2013 7:16:00 AM,108.0,56.0,34.0,-4.0,1033.0,24.0,11.0,2
001035,12/27/2013 8:16:00 AM,73.0,39.0,32.0,-4.0,1033.0,24.0,13.0,2
001035,12/27/2013 9:15:00 AM,68.0,41.0,32.0,-4.0,1033.0,26.0,16.0,2
001035,12/27/2013 10:15:00 AM,76.0,52.0,29.0,-2.0,1033.0,21.0,13.0,2
001035,12/27/2013 11:17:00 AM,116.0,60.0,37.0,-2.0,1033.0,21.0,11.0,2
001035,12/27/2013 12:21:00 PM,126.0,58.0,39.0,-1.0,1032.0,21.0,13.0,1
001035,12/27/2013 1:16:00 PM,72.0,37.0,30.0,0.0,1030.0,20.0,13.0,1
001035,12/27/2013 2:22:00 PM,50.0,25.0,21.0,0.0,1029.0,15.0,11.0,1
001035,12/27/2013 3:40:00 PM,63.0,43.0,18.0,1.0,1028.0,14.0,11.0,1
001035,12/27/2013 4:38:00 PM,53.0,38.0,15.0,1.0,1027.0,15.0,7.0,1
001035,12/27/2013 5:22:00 PM,53.0,38.0,15.0,1.0,1027.0,15.0,4.0,1
001035,12/27/2013 6:14:00 PM,63.0,44.0,16.0,0.0,1027.0,17.0,4.0,2
001035,12/27/2013 7:18:00 PM,58.0,42.0,16.0,-2.0,1027.0,27.0,4.0,2
001035,12/27/2013 8:18:00 PM,116.0,55.0,21.0,-2.0,1027.0,25.0,2.0,2
001035,12/27/2013 9:18:00 PM,106.0,55.0,31.0,-3.0,1027.0,29.0,2.0,2
001035,12/28/2013 12:19:00 PM,18.0,23.0,11.0,-1.0,1028.0,18.0,22.0,2
001035,12/28/2013 1:17:00 PM,17.0,20.0,8.0,0.0,1028.0,17.0,16.0,2
001035,12/28/2013 2:16:00 PM,15.0,19.0,7.0,1.0,1026.0,11.0,20.0,2
001035,12/28/2013 3:18:00 PM,18.0,22.0,6.0,1.0,1026.0,11.0,18.0,2
001035,12/28/2013 4:17:00 PM,28.0,28.0,7.0,2.0,1025.0,10.0,16.0,2
001035,12/28/2013 5:17:00 PM,37.0,33.0,9.0,2.0,1025.0,11.0,13.0,2
001035,12/28/2013 6:16:00 PM,40.0,39.0,12.0,1.0,1025.0,12.0,16.0,2
001035,12/28/2013 7:16:00 PM,55.0,40.0,15.0,1.0,1024.0,11.0,11.0,2
001035,12/28/2013 8:15:00 PM,73.0,49.0,22.0,0.0,1024.0,13.0,9.0,2
001035,12/28/2013 9:15:00 PM,150.0,65.0,43.0,0.0,1024.0,13.0,7.0,2
001035,12/28/2013 10:16:00 PM,126.0,62.0,40.0,0.0,1024.0,13.0,11.0,2
001035,12/28/2013 11:15:00 PM,126.0,61.0,40.0,0.0,1024.0,13.0,7.0,2
001035,12/29/2013 12:15:00 AM,136.0,63.0,37.0,1.0,1024.0,12.0,7.0,2
001035,12/29/2013 1:15:00 AM,145.0,61.0,37.0,-4.0,1024.0,26.0,4.0,2
001035,12/29/2013 2:16:00 AM,150.0,66.0,32.0,0.0,1023.0,15.0,13.0,2
001035,12/29/2013 3:16:00 AM,160.0,67.0,31.0,-1.0,1023.0,16.0,9.0,2
001035,12/29/2013 4:15:00 AM,165.0,68.0,30.0,0.0,1022.0,15.0,16.0,2
001035,12/29/2013 5:15:00 AM,160.0,66.0,28.0,0.0,1022.0,15.0,16.0,2
001035,12/29/2013 6:15:00 AM,164.0,66.0,28.0,-1.0,1021.0,16.0,9.0,2
001035,12/29/2013 7:15:00 AM,203.0,74.0,29.0,-1.0,1021.0,16.0,11.0,2
001035,12/29/2013 8:16:00 AM,190.0,71.0,31.0,-4.0,1021.0,22.0,2.0,2
001035,12/29/2013 9:16:00 AM,188.0,76.0,28.0,-7.0,1021.0,30.0,2.0,2
001035,12/29/2013 10:16:00 AM,263.0,92.0,36.0,-3.0,1021.0,31.0,4.0,2
001035,12/29/2013 11:17:00 AM,235.0,86.0,35.0,-1.0,1021.0,23.0,2.0,2
001035,12/29/2013 12:16:00 PM,181.0,70.0,30.0,4.0,1020.0,12.0,2.0,2
001035,12/29/2013 1:18:00 PM,200.0,73.0,38.0,5.0,1019.0,11.0,4.0,2
001035,12/29/2013 2:14:00 PM,143.0,63.0,30.0,6.0,1016.0,9.0,9.0,2
001035,12/29/2013 3:17:00 PM,78.0,47.0,18.0,7.0,1016.0,9.0,11.0,2
001035,12/29/2013 4:14:00 PM,73.0,51.0,17.0,7.0,1016.0,9.0,11.0,2
001035,12/29/2013 5:15:00 PM,107.0,62.0,20.0,6.0,1016.0,9.0,9.0,2
001035,12/29/2013 6:14:00 PM,102.0,62.0,26.0,4.0,1016.0,11.0,7.0,2
001035,12/29/2013 7:15:00 PM,127.0,66.0,32.0,2.0,1016.0,13.0,4.0,2
001035,12/29/2013 8:18:00 PM,141.0,68.0,33.0,4.0,1017.0,12.0,7.0,2
001035,12/29/2013 9:16:00 PM,138.0,68.0,29.0,1.0,1017.0,15.0,4.0,2
001035,12/29/2013 10:15:00 PM,162.0,69.0,32.0,1.0,1017.0,17.0,2.0,2
001035,12/29/2013 11:15:00 PM,157.0,69.0,30.0,1.0,1017.0,18.0,4.0,2
001035,12/30/2013 1:14:00 AM,170.0,73.0,34.0,3.0,1017.0,13.0,11.0,2
001035,12/30/2013 2:14:00 AM,230.0,83.0,33.0,2.0,1017.0,14.0,13.0,2
001035,12/30/2013 3:15:00 AM,205.0,82.0,39.0,3.0,1017.0,13.0,13.0,2
001035,12/30/2013 4:14:00 AM,220.0,85.0,40.0,3.0,1017.0,12.0,18.0,2
001035,12/30/2013 5:15:00 AM,218.0,83.0,19.0,1.0,1016.0,14.0,9.0,2
001035,12/30/2013 6:14:00 AM,219.0,82.0,44.0,1.0,1016.0,14.0,9.0,2
001035,12/30/2013 7:14:00 AM,247.0,84.0,44.0,0.0,1016.0,15.0,4.0,2
001035,12/30/2013 8:16:00 AM,248.0,88.0,43.0,3.0,1016.0,13.0,16.0,2
001035,12/30/2013 9:17:00 AM,242.0,88.0,41.0,3.0,1016.0,13.0,18.0,2
001035,12/30/2013 10:17:00 AM,263.0,101.0,40.0,4.0,1017.0,12.0,16.0,2
001035,12/30/2013 11:17:00 AM,242.0,88.0,46.0,5.0,1017.0,13.0,20.0,2
001035,12/30/2013 12:15:00 PM,216.0,80.0,50.0,6.0,1017.0,11.0,22.0,2
001035,12/30/2013 1:16:00 PM,180.0,74.0,45.0,6.0,1016.0,12.0,22.0,2
001035,12/30/2013 2:15:00 PM,91.0,57.0,25.0,6.0,1016.0,12.0,22.0,2
001035,12/30/2013 3:18:00 PM,55.0,53.0,21.0,7.0,1015.0,12.0,20.0,2
001035,12/30/2013 4:18:00 PM,97.0,64.0,30.0,7.0,1014.0,10.0,18.0,2
001035,12/30/2013 5:18:00 PM,96.0,61.0,24.0,7.0,1015.0,11.0,16.0,2
001035,12/30/2013 6:20:00 PM,90.0,56.0,24.0,6.0,1015.0,12.0,11.0,2
001035,12/30/2013 7:15:00 PM,95.0,61.0,26.0,6.0,1015.0,12.0,11.0,2
001035,12/30/2013 8:15:00 PM,110.0,62.0,31.0,6.0,1015.0,12.0,4.0,2
001035,12/30/2013 9:15:00 PM,143.0,65.0,32.0,2.0,1015.0,18.0,7.0,2
001035,12/30/2013 10:15:00 PM,188.0,74.0,43.0,4.0,1014.0,15.0,7.0,2
001035,12/30/2013 11:15:00 PM,214.0,82.0,49.0,3.0,1014.0,17.0,7.0,2
001035,12/31/2013 12:15:00 AM,271.0,94.0,49.0,4.0,1014.0,15.0,4.0,2
001035,12/31/2013 1:15:00 AM,279.0,90.0,47.0,3.0,1014.0,17.0,4.0,2
001035,12/31/2013 2:14:00 AM,373.0,103.0,45.0,-3.0,1013.0,37.0,2.0,2
001035,12/31/2013 3:15:00 AM,280.0,93.0,45.0,-2.0,1012.0,29.0,2.0,2
001035,12/31/2013 4:14:00 AM,285.0,95.0,40.0,-3.0,1012.0,34.0,2.0,2
001035,12/31/2013 5:15:00 AM,296.0,94.0,39.0,-2.0,1011.0,34.0,4.0,2
001035,12/31/2013 6:14:00 AM,256.0,92.0,39.0,-5.0,1011.0,46.0,4.0,2
001035,12/31/2013 7:15:00 AM,253.0,97.0,34.0,2.0,1010.0,20.0,7.0,2
001035,12/31/2013 8:16:00 AM,260.0,96.0,38.0,5.0,1011.0,15.0,18.0,2
001035,12/31/2013 9:16:00 AM,269.0,100.0,39.0,5.0,1012.0,16.0,16.0,2
001035,12/31/2013 10:16:00 AM,297.0,116.0,43.0,6.0,1013.0,15.0,22.0,2
001035,12/31/2013 11:17:00 AM,279.0,114.0,43.0,7.0,1013.0,15.0,22.0,2
001035,12/31/2013 12:15:00 PM,212.0,95.0,46.0,7.0,1013.0,15.0,22.0,2
001035,12/31/2013 1:17:00 PM,121.0,80.0,35.0,9.0,1012.0,13.0,25.0,2
001035,12/31/2013 2:16:00 PM,92.0,69.0,19.0,9.0,1011.0,13.0,18.0,2
001035,12/31/2013 3:16:00 PM,58.0,62.0,12.0,9.0,1011.0,12.0,18.0,2
001035,12/31/2013 4:15:00 PM,63.0,69.0,12.0,9.0,1012.0,13.0,22.0,2
001035,12/31/2013 5:14:00 PM,42.0,63.0,8.0,9.0,1012.0,13.0,22.0,2
001035,12/31/2013 6:16:00 PM,68.0,71.0,12.0,8.0,1012.0,13.0,22.0,2
001035,12/31/2013 7:15:00 PM,77.0,72.0,16.0,8.0,1013.0,13.0,16.0,2
001035,12/31/2013 8:14:00 PM,102.0,72.0,15.0,8.0,1013.0,12.0,11.0,2
001035,12/31/2013 9:16:00 PM,90.0,71.0,19.0,7.0,1014.0,12.0,11.0,2
001035,12/31/2013 9:44:00 PM,172.0,82.0,26.0,7.0,1014.0,12.0,9.0,2
001035,12/31/2013 10:16:00 PM,172.0,82.0,26.0,7.0,1014.0,12.0,9.0,2
001035,12/31/2013 11:16:00 PM,131.0,80.0,40.0,6.0,1014.0,13.0,11.0,2
001035,1/1/2014 12:15:00 AM,107.0,74.0,37.0,7.0,1014.0,13.0,16.0,2
001035,1/1/2014 1:15:00 AM,118.0,71.0,32.0,7.0,1014.0,13.0,13.0,2
001035,1/1/2014 2:15:00 AM,160.0,79.0,34.0,7.0,1013.0,13.0,9.0,2
001035,1/1/2014 3:14:00 AM,178.0,85.0,38.0,4.0,1013.0,16.0,7.0,2
001035,1/1/2014 4:14:00 AM,194.0,88.0,38.0,6.0,1013.0,14.0,4.0,2
001035,1/1/2014 5:14:00 AM,192.0,86.0,36.0,3.0,1012.0,20.0,2.0,2
001035,1/1/2014 6:15:00 AM,187.0,82.0,32.0,3.0,1012.0,20.0,7.0,2
001035,1/1/2014 7:15:00 AM,190.0,84.0,30.0,5.0,1012.0,16.0,7.0,2
001035,1/1/2014 8:16:00 AM,198.0,85.0,31.0,6.0,1013.0,15.0,13.0,2
001035,1/1/2014 9:16:00 AM,185.0,84.0,29.0,6.0,1013.0,16.0,13.0,2
001035,1/1/2014 10:15:00 AM,192.0,88.0,28.0,7.0,1014.0,15.0,11.0,2
001035,1/1/2014 11:18:00 AM,210.0,94.0,29.0,8.0,1015.0,14.0,13.0,2
001035,1/1/2014 12:16:00 PM,223.0,95.0,43.0,9.0,1015.0,13.0,13.0,2
001035,1/1/2014 1:17:00 PM,227.0,94.0,51.0,10.0,1015.0,14.0,20.0,2
001035,1/1/2014 2:18:00 PM,116.0,67.0,30.0,11.0,1014.0,12.0,16.0,2
001035,1/1/2014 3:18:00 PM,71.0,53.0,20.0,11.0,1014.0,13.0,18.0,2
001035,1/1/2014 4:19:00 PM,57.0,51.0,16.0,11.0,1014.0,13.0,16.0,2
001035,1/1/2014 5:19:00 PM,47.0,51.0,14.0,11.0,1014.0,13.0,16.0,2
001035,1/1/2014 6:17:00 PM,51.0,50.0,12.0,10.0,1015.0,15.0,11.0,2
001035,1/1/2014 7:16:00 PM,61.0,52.0,15.0,9.0,1015.0,16.0,7.0,2
001035,1/1/2014 8:16:00 PM,53.0,52.0,24.0,9.0,1016.0,16.0,4.0,2
001035,1/1/2014 9:18:00 PM,63.0,55.0,32.0,3.0,1017.0,28.0,2.0,2
001035,1/1/2014 10:17:00 PM,108.0,66.0,38.0,0.0,1017.0,35.0,4.0,2
001035,1/1/2014 11:17:00 PM,191.0,78.0,40.0,-1.0,1018.0,44.0,2.0,2
001035,1/2/2014 12:16:00 AM,263.0,105.0,51.0,0.0,1019.0,41.0,4.0,2
001035,1/2/2014 12:53:00 AM,232.0,91.0,50.0,-1.0,1019.0,44.0,2.0,2
001035,1/2/2014 1:14:00 AM,232.0,91.0,50.0,-1.0,1019.0,44.0,2.0,2
001035,1/2/2014 2:16:00 AM,207.0,83.0,45.0,-4.0,1019.0,54.0,2.0,2
001035,1/2/2014 3:17:00 AM,205.0,81.0,42.0,-4.0,1019.0,50.0,4.0,2
001035,1/2/2014 4:15:00 AM,195.0,80.0,44.0,-4.0,1019.0,54.0,2.0,2
001035,1/2/2014 5:14:00 AM,197.0,79.0,21.0,-5.0,1020.0,59.0,2.0,2
001035,1/2/2014 6:15:00 AM,191.0,78.0,39.0,-2.0,1020.0,55.0,4.0,2
001035,1/2/2014 7:16:00 AM,204.0,82.0,39.0,-2.0,1020.0,69.0,4.0,2
001035,1/2/2014 8:16:00 AM,213.0,87.0,40.0,-2.0,1020.0,64.0,2.0,2
001035,1/2/2014 9:15:00 AM,222.0,92.0,40.0,-5.0,1021.0,74.0,7.0,2
001035,1/2/2014 10:14:00 AM,208.0,92.0,33.0,-5.0,1021.0,74.0,7.0,2
001035,1/2/2014 11:15:00 AM,142.0,73.0,28.0,-5.0,1021.0,74.0,7.0,2
001035,1/2/2014 12:15:00 PM,128.0,64.0,27.0,-5.0,1021.0,74.0,7.0,2
001035,1/2/2014 1:14:00 PM,125.0,91.0,28.0,-5.0,1021.0,74.0,7.0,2
001035,1/2/2014 2:37:00 PM,157.0,91.0,36.0,-5.0,1021.0,74.0,7.0,2
001035,1/6/2014 6:10:00 PM,184.0,112.0,27.0,-1.0,1020.0,77.0,3.24,3
001035,1/6/2014 7:06:00 PM,182.0,106.0,24.0,-1.0,1020.0,78.0,2.88,3
001035,1/6/2014 8:02:00 PM,180.0,106.0,24.0,-1.0,1021.0,76.0,2.16,3
001035,1/6/2014 8:09:00 PM,180.0,106.0,24.0,-1.0,1021.0,76.0,1.44,3
001035,1/6/2014 9:07:00 PM,197.0,108.0,25.0,-1.0,1021.0,78.0,1.8,3
001035,1/7/2014 12:08:00 AM,229.0,115.0,28.0,-1.0,1020.0,79.0,0.36,3
001035,1/7/2014 1:06:00 AM,233.0,120.0,26.0,-1.0,1020.0,78.0,0.36,3
001035,1/7/2014 2:08:00 AM,269.0,133.0,27.0,-2.0,1020.0,83.0,0.36,3
001035,1/7/2014 3:07:00 AM,307.0,142.0,30.0,-2.0,1021.0,83.0,0.36,3
001035,1/7/2014 4:08:00 AM,260.0,128.0,32.0,-2.0,1020.0,83.0,0.36,3
001035,1/7/2014 5:06:00 AM,264.0,130.0,34.0,-4.0,1020.0,86.0,0.36,3
001035,1/7/2014 6:30:00 AM,262.0,126.0,28.0,-4.0,1020.0,86.0,0.72,3
001035,1/7/2014 7:07:00 AM,262.0,126.0,28.0,-4.0,1021.0,86.0,0.36,3
001035,1/7/2014 8:08:00 AM,261.0,127.0,30.0,-4.0,1021.0,86.0,0.36,3
001035,1/7/2014 9:07:00 AM,269.0,138.0,27.0,-1.0,1022.0,83.0,0.36,3
001035,1/7/2014 10:08:00 AM,276.0,154.0,26.0,1.0,1023.0,74.0,0.36,3
001035,1/7/2014 11:07:00 AM,323.0,182.0,45.0,3.0,1023.0,35.0,6.84,3
001035,1/7/2014 1:07:00 PM,219.0,114.0,38.0,5.0,1021.0,20.0,14.4,1
001035,1/7/2014 2:11:00 PM,80.0,57.0,21.0,6.0,1021.0,18.0,8.64,1
001035,1/7/2014 3:07:00 PM,73.0,57.0,20.0,5.0,1022.0,24.0,5.76,1
001035,1/7/2014 4:09:00 PM,58.0,50.0,17.0,5.0,1022.0,25.0,6.48,1
001035,1/7/2014 5:07:00 PM,45.0,42.0,14.0,4.0,1023.0,26.0,2.88,1
001035,1/7/2014 6:08:00 PM,38.0,47.0,14.0,3.0,1024.0,28.0,2.52,2
001035,1/7/2014 7:07:00 PM,48.0,45.0,14.0,3.0,1025.0,18.0,8.64,2
001035,1/7/2014 8:08:00 PM,53.0,43.0,14.0,3.0,1026.0,15.0,6.84,2
001035,1/7/2014 9:07:00 PM,56.0,48.0,17.0,3.0,1027.0,14.0,5.76,2
001035,1/7/2014 10:08:00 PM,108.0,67.0,29.0,2.0,1027.0,14.0,7.2,2
001035,1/7/2014 11:06:00 PM,62.0,48.0,31.0,2.0,1028.0,14.0,10.8,2
001035,1/8/2014 12:08:00 AM,45.0,29.0,25.0,1.0,1027.0,16.0,10.08,2
001035,1/8/2014 1:07:00 AM,28.0,16.0,13.0,0.0,1028.0,15.0,8.64,2
001035,1/8/2014 2:08:00 AM,17.0,23.0,8.0,-1.0,1028.0,17.0,9.72,2
001035,1/8/2014 3:07:00 AM,14.0,19.0,8.0,-1.0,1029.0,19.0,6.84,2
001035,1/8/2014 4:08:00 AM,30.0,30.0,17.0,-1.0,1029.0,18.0,10.44,2
001035,1/8/2014 6:08:00 AM,21.0,26.0,17.0,-2.0,1029.0,22.0,9.0,2
001035,1/8/2014 7:06:00 AM,18.0,27.0,14.0,-4.0,1029.0,23.0,8.64,2
001035,1/8/2014 8:08:00 AM,21.0,22.0,15.0,-4.0,1030.0,26.0,6.84,2
001035,1/8/2014 9:07:00 AM,21.0,24.0,16.0,-3.0,1031.0,25.0,10.08,2
001035,1/8/2014 10:09:00 AM,31.0,35.0,15.0,-1.0,1031.0,23.0,10.44,2
001035,1/8/2014 11:07:00 AM,40.0,44.0,17.0,0.0,1031.0,20.0,11.52,2
001035,1/8/2014 12:10:00 PM,30.0,48.0,13.0,0.0,1030.0,19.0,9.0,2
001035,1/8/2014 1:08:00 PM,24.0,52.0,8.0,1.0,1029.0,16.0,7.2,2
001035,1/8/2014 2:09:00 PM,27.0,36.0,7.0,2.0,1028.0,13.0,11.52,2
001035,1/8/2014 3:07:00 PM,18.0,25.0,4.0,1.0,1027.0,12.0,20.52,2
001035,1/8/2014 4:09:00 PM,18.0,58.0,4.0,1.0,1027.0,12.0,11.88,2
001035,1/8/2014 5:07:00 PM,22.0,85.0,5.0,0.0,1028.0,13.0,14.4,2
001035,1/8/2014 6:09:00 PM,24.0,63.0,8.0,0.0,1029.0,14.0,9.0,2
001035,1/8/2014 7:07:00 PM,28.0,46.0,12.0,-1.0,1029.0,15.0,9.0,2
001035,1/8/2014 8:09:00 PM,34.0,44.0,13.0,-1.0,1029.0,16.0,3.96,2
001035,1/8/2014 9:08:00 PM,47.0,48.0,12.0,-1.0,1030.0,16.0,5.76,2
001035,1/8/2014 10:09:00 PM,42.0,44.0,11.0,-1.0,1030.0,15.0,6.12,2
001035,1/8/2014 11:07:00 PM,47.0,44.0,21.0,-1.0,1030.0,18.0,6.84,2
001035,1/9/2014 12:08:00 AM,81.0,62.0,29.0,-2.0,1030.0,18.0,2.88,2
001035,1/9/2014 1:06:00 AM,90.0,69.0,22.0,-3.0,1029.0,20.0,2.88,2
001035,1/9/2014 2:08:00 AM,121.0,72.0,25.0,-4.0,1029.0,19.0,10.08,2
001035,1/9/2014 3:07:00 AM,113.0,75.0,24.0,-4.0,1029.0,17.0,6.84,2
001035,1/9/2014 4:08:00 AM,110.0,69.0,27.0,-4.0,1029.0,14.0,14.4,2
001035,1/9/2014 5:07:00 AM,100.0,65.0,32.0,-4.0,1029.0,14.0,10.44,2
001035,1/9/2014 6:08:00 AM,70.0,54.0,27.0,-4.0,1028.0,14.0,10.08,2
001035,1/9/2014 7:07:00 AM,30.0,27.0,14.0,-5.0,1029.0,13.0,12.6,2
001035,1/9/2014 8:08:00 AM,21.0,23.0,10.0,-5.0,1029.0,13.0,12.24,2
001035,1/9/2014 9:07:00 AM,22.0,26.0,14.0,-3.0,1030.0,12.0,5.04,2
001035,1/9/2014 11:07:00 AM,34.0,34.0,14.0,0.0,1029.0,10.0,9.0,2
001035,1/9/2014 11:26:00 AM,32.0,33.0,10.0,0.0,1029.0,10.0,7.2,2
001035,1/9/2014 12:09:00 PM,32.0,33.0,10.0,1.0,1028.0,10.0,9.36,2
001035,1/9/2014 1:07:00 PM,25.0,39.0,12.0,0.0,1027.0,11.0,7.2,2
001035,1/9/2014 2:09:00 PM,41.0,52.0,9.0,0.0,1026.0,13.0,7.56,2
001035,1/9/2014 3:08:00 PM,55.0,60.0,10.0,0.0,1025.0,15.0,9.0,2
001035,1/9/2014 4:09:00 PM,60.0,60.0,11.0,0.0,1025.0,15.0,7.56,2
001035,1/9/2014 5:07:00 PM,52.0,55.0,10.0,-1.0,1025.0,17.0,5.4,2
001035,1/9/2014 6:08:00 PM,48.0,52.0,10.0,-2.0,1026.0,19.0,2.52,2
001035,1/9/2014 7:07:00 PM,44.0,51.0,12.0,-2.0,1026.0,18.0,5.76,2
001035,1/9/2014 8:08:00 PM,53.0,60.0,17.0,-2.0,1026.0,15.0,9.72,2
001035,1/9/2014 9:06:00 PM,80.0,75.0,34.0,-2.0,1026.0,16.0,12.6,2
001035,1/9/2014 10:08:00 PM,97.0,76.0,36.0,-4.0,1027.0,18.0,7.2,2
001035,1/9/2014 11:06:00 PM,67.65595842762383,65.24304004671764,29.32488110697519,-13.910275939555989,1059.1080624524886,24.41818379650786,5.239638142058574,8
001035,1/10/2014 12:08:00 AM,118.00488870222999,72.41290699941118,29.08453796475625,0.17223528964300439,973.9805639365669,-0.6370615790300924,36.7126687597675,8
001035,1/10/2014 1:06:00 AM,122.92454421134848,57.52535540831113,43.6959079514141,8.02316706800158,995.1204226640449,35.39787175367006,6.360356895568387,8
001035,1/10/2014 2:08:00 AM,177.33092921215865,95.67225650450075,38.28938148299225,7.672915219962787,1049.923346651907,34.6948042494244,17.665547065557426,8
001035,1/10/2014 3:07:00 AM,148.41518523583727,108.99317893375084,42.21665593691271,-26.502901097299155,1009.8286465381447,-2.362474225247702,29.755441267821272,8
001035,1/10/2014 4:08:00 AM,176.73254518015148,94.53246596997869,-4.599068523985181,-7.897383045695387,1091.6474381078842,53.315615276736004,-10.179329469182393,8
001035,1/10/2014 5:07:00 AM,164.99747273121352,131.08591287436573,18.3604106889822,1.516115723405687,995.171310640959,52.35493055763255,-22.95700993181672,8
001035,1/10/2014 6:08:00 AM,206.26795042930698,120.13236825534044,6.411061723205741,5.9549259549417535,1022.0724569835012,43.00491644886631,15.792480337501889,8
001035,1/10/2014 7:07:00 AM,246.95228017200344,112.05087242968162,63.217374791074725,-22.23569615951972,1044.434559432627,22.682151849195463,3.1925204018527085,8
001035,1/10/2014 8:09:00 AM,231.4841994462767,133.90352553367703,28.860552207941954,0.8266527182356408,1031.475604279168,43.616735229670496,48.60050778206764,8
001035,1/10/2014 10:11:00 AM,251.0,137.0,29.0,-4.0,1028.0,31.0,3.96,2
001035,1/10/2014 11:07:00 AM,293.0,162.0,29.0,-1.0,1028.0,25.0,3.6,2
001035,1/10/2014 12:09:00 PM,313.0,168.0,39.0,0.0,1027.0,21.0,6.48,2
001035,1/10/2014 1:07:00 PM,263.0,141.0,35.0,2.0,1026.0,16.0,5.4,2
001035,1/10/2014 2:09:00 PM,254.0,132.0,31.0,3.0,1025.0,13.0,3.96,2
001035,1/10/2014 3:07:00 PM,204.0,106.0,26.0,3.0,1025.0,13.0,7.56,2
001035,1/10/2014 4:09:00 PM,206.0,105.0,27.0,2.0,1025.0,14.0,3.24,2
001035,1/10/2014 5:07:00 PM,223.0,125.0,34.0,1.0,1026.0,16.0,3.24,2
001035,1/10/2014 6:10:00 PM,239.0,132.0,34.0,-2.0,1026.0,23.0,3.6,2
001035,1/10/2014 7:08:00 PM,251.0,140.0,38.0,-2.0,1027.0,25.0,3.6,2
001035,1/10/2014 8:09:00 PM,278.0,161.0,46.0,-4.0,1027.0,29.0,3.6,2
001035,1/10/2014 9:07:00 PM,270.0,154.0,45.0,-2.0,1027.0,27.0,2.88,2
001035,1/10/2014 10:08:00 PM,270.0,153.0,48.0,-1.0,1028.0,22.0,7.2,2
001035,1/10/2014 11:07:00 PM,287.0,167.0,50.0,-4.0,1028.0,27.0,5.76,2
001035,1/11/2014 12:09:00 AM,317.0,169.0,43.0,-4.0,1028.0,28.0,5.4,2
001035,1/11/2014 1:07:00 AM,325.0,171.0,47.0,-4.0,1028.0,28.0,5.76,2
001035,1/11/2014 2:09:00 AM,321.0,167.0,42.0,-7.0,1028.0,35.0,0.36,2
001035,1/11/2014 3:07:00 AM,321.0,164.0,43.0,-8.0,1028.0,41.0,1.8,2
001035,1/11/2014 4:09:00 AM,313.0,160.0,44.0,-9.0,1028.0,47.0,0.72,2
001035,1/11/2014 6:08:00 AM,308.0,155.0,39.0,0.0,1027.0,50.0,2.16,2
001035,1/11/2014 7:07:00 AM,298.0,151.0,39.0,-9.0,1027.0,50.0,0.36,2
001035,1/11/2014 8:09:00 AM,320.0,164.0,43.0,0.0,1028.0,59.0,2.52,2
001035,1/11/2014 9:07:00 AM,323.0,164.0,46.0,-8.0,1028.0,52.0,2.88,2
001035,1/11/2014 10:08:00 AM,333.0,178.0,39.0,-2.0,1028.0,35.0,1.8,2
001035,1/11/2014 11:07:00 AM,334.0,199.0,34.0,0.0,1028.0,30.0,4.32,2
001035,1/11/2014 12:08:00 PM,426.0,343.0,60.0,2.0,1026.0,23.0,4.68,2
001035,1/11/2014 1:07:00 PM,438.0,330.0,64.0,3.0,1025.0,20.0,8.28,2
001035,1/11/2014 2:08:00 PM,411.0,248.0,56.0,3.0,1024.0,18.0,6.84,2
001035,1/11/2014 3:07:00 PM,383.0,210.0,56.0,3.0,1023.0,19.0,7.2,2
001035,1/11/2014 4:08:00 PM,422.0,300.0,63.0,3.0,1023.0,22.0,3.24,2
001035,1/11/2014 6:08:00 PM,430.0,322.0,69.0,0.0,1024.0,34.0,2.52,2
001035,1/11/2014 8:08:00 PM,430.0,336.0,74.0,0.0,1025.0,33.0,5.76,2
001035,1/11/2014 9:07:00 PM,432.0,335.0,75.0,0.0,1026.0,34.0,5.76,2
001035,1/11/2014 10:09:00 PM,454.0,380.0,69.0,0.0,1027.0,30.0,3.6,2
001035,1/11/2014 11:07:00 PM,469.0,400.0,81.0,2.0,1027.0,19.0,5.04,2
001035,1/12/2014 12:09:00 AM,467.0,350.0,69.0,2.0,1028.0,17.0,9.0,2
001035,1/12/2014 1:07:00 AM,256.0,116.0,46.0,-1.0,1029.0,22.0,7.92,2
001035,1/12/2014 2:09:00 AM,132.0,80.0,35.0,-1.0,1029.0,21.0,8.64,2
001035,1/12/2014 3:07:00 AM,40.0,50.0,14.0,0.0,1030.0,18.0,13.68,2
001035,1/12/2014 4:10:00 AM,31.0,50.0,15.0,0.0,1030.0,18.0,10.08,2
001035,1/12/2014 5:06:00 AM,20.0,43.0,9.0,-1.0,1031.0,18.0,7.56,2
001035,1/12/2014 6:09:00 AM,22.0,25.0,10.0,-2.0,1031.0,20.0,5.4,2
001035,1/12/2014 7:07:00 AM,20.0,9.0,10.0,-2.0,1032.0,20.0,6.12,2
001035,1/12/2014 8:08:00 AM,14.0,6.0,11.0,-4.0,1033.0,22.0,5.4,2
001035,1/12/2014 9:07:00 AM,15.0,9.0,14.0,-1.0,1034.0,20.0,5.04,2
001035,1/12/2014 10:08:00 AM,24.0,23.0,11.0,1.0,1034.0,15.0,5.76,2
001035,1/12/2014 11:07:00 AM,27.0,17.0,9.0,2.0,1035.0,14.0,9.36,2
001035,1/12/2014 12:09:00 PM,22.0,18.0,11.0,3.0,1033.0,13.0,5.4,2
001035,1/12/2014 1:06:00 PM,31.0,17.0,15.0,3.0,1032.0,12.0,7.56,2
001035,1/12/2014 2:09:00 PM,21.0,13.0,14.0,3.0,1031.0,12.0,6.84,2
001035,1/12/2014 3:08:00 PM,24.0,6.0,10.0,3.0,1031.0,12.0,6.12,2
001035,1/12/2014 4:10:00 PM,24.0,17.0,13.0,3.0,1031.0,12.0,7.2,2
001035,1/12/2014 5:07:00 PM,25.0,23.0,14.0,2.0,1031.0,14.0,6.48,2
001035,1/12/2014 6:11:00 PM,35.0,28.0,14.0,0.0,1031.0,17.0,3.24,2
001035,1/12/2014 7:07:00 PM,38.0,29.0,15.0,-1.0,1031.0,19.0,6.12,2
001035,1/12/2014 8:09:00 PM,53.0,54.0,25.0,-1.0,1031.0,18.0,6.84,2
001035,1/12/2014 9:07:00 PM,65.0,56.0,33.0,-2.0,1031.0,21.0,2.88,2
001035,1/12/2014 10:08:00 PM,68.0,55.0,32.0,-4.0,1031.0,24.0,4.68,2
001035,1/12/2014 11:07:00 PM,71.0,54.0,25.0,-2.0,1031.0,22.0,5.04,2
001035,1/13/2014 12:09:00 AM,66.0,54.0,21.0,-2.0,1030.0,23.0,6.12,2
001035,1/13/2014 1:07:00 AM,87.0,68.0,25.0,-2.0,1030.0,24.0,5.76,2
001035,1/13/2014 2:09:00 AM,140.0,81.0,33.0,-2.0,1030.0,24.0,6.48,2
001035,1/13/2014 3:06:00 AM,161.0,92.0,34.0,-4.0,1030.0,26.0,5.04,2
001035,1/13/2014 4:08:00 AM,184.0,101.0,34.0,-7.0,1029.0,33.0,3.24,2
001035,1/13/2014 5:07:00 AM,192.0,102.0,35.0,-8.0,1029.0,38.0,3.96,2
001035,1/13/2014 6:09:00 AM,203.0,104.0,33.0,-9.0,1029.0,42.0,5.04,2
001035,1/13/2014 7:07:00 AM,201.0,105.0,33.0,-9.0,1029.0,43.0,3.6,2
001035,1/13/2014 8:09:00 AM,208.0,107.0,31.0,-9.0,1029.0,48.0,2.16,2
001035,1/13/2014 10:08:00 AM,225.0,118.0,29.0,-2.0,1029.0,32.0,5.04,2
001035,1/13/2014 11:08:00 AM,236.0,122.0,30.0,-1.0,1028.0,31.0,6.48,2
001035,1/13/2014 12:09:00 PM,277.0,150.0,35.0,1.0,1027.0,25.0,6.48,2
001035,1/13/2014 1:08:00 PM,303.0,165.0,39.0,2.0,1026.0,22.0,8.64,2
001035,1/13/2014 2:10:00 PM,301.0,166.0,41.0,3.0,1025.0,21.0,6.48,2
001035,1/13/2014 3:08:00 PM,255.0,132.0,36.0,3.0,1025.0,21.0,8.28,2
001035,1/13/2014 4:09:00 PM,234.0,126.0,37.0,3.0,1025.0,21.0,5.04,2
001035,1/13/2014 5:07:00 PM,257.0,144.0,44.0,1.0,1025.0,26.0,4.32,2
001035,1/13/2014 6:08:00 PM,251.0,137.0,47.0,0.0,1025.0,33.0,0.36,2
001035,1/13/2014 7:07:00 PM,249.0,133.0,49.0,-4.0,1026.0,41.0,0.36,2
001035,1/13/2014 8:08:00 PM,255.0,138.0,52.0,-5.0,1026.0,45.0,0.72,2
001035,1/13/2014 9:09:00 PM,260.0,138.0,53.0,-4.0,1027.0,48.0,0.72,2
001035,1/13/2014 10:09:00 PM,273.0,148.0,53.0,-4.0,1027.0,48.0,0.72,2
001035,1/13/2014 11:08:00 PM,274.0,150.0,51.0,-6.0,1028.0,56.0,0.36,2
001035,1/14/2014 2:08:00 AM,303.0,158.0,44.0,-7.0,1029.0,63.0,3.24,2
001035,1/14/2014 3:07:00 AM,327.0,173.0,43.0,-8.0,1029.0,65.0,2.52,2
001035,1/14/2014 4:08:00 AM,336.0,176.0,56.0,-8.0,1029.0,65.0,2.52,2
001035,1/14/2014 6:09:00 AM,382.0,232.0,60.0,-7.0,1030.0,43.0,3.24,2
001035,1/14/2014 7:06:00 AM,356.0,190.0,55.0,-8.0,1030.0,59.0,5.04,2
001035,1/14/2014 8:10:00 AM,312.0,170.0,47.0,-8.0,1031.0,76.0,2.52,2
001035,1/14/2014 9:07:00 AM,275.0,144.0,42.0,-6.0,1031.0,77.0,2.52,2
001035,1/14/2014 10:09:00 AM,259.0,142.0,37.0,-4.0,1032.0,67.0,7.92,2
001035,1/14/2014 11:07:00 AM,264.0,145.0,36.0,-1.0,1032.0,61.0,3.24,2
001035,1/14/2014 12:09:00 PM,228.0,120.0,33.0,0.0,1031.0,50.0,5.04,2
001035,1/14/2014 1:09:00 PM,226.0,117.0,33.0,2.0,1030.0,40.0,4.68,2
001035,1/14/2014 2:24:00 PM,148.0,66.0,24.0,2.0,1029.0,36.0,2.88,2
001035,1/14/2014 3:11:00 PM,105.0,51.0,20.0,2.0,1029.0,32.0,4.32,2
001035,1/14/2014 4:10:00 PM,110.0,57.0,21.0,2.0,1029.0,27.0,5.76,2
001035,1/14/2014 5:07:00 PM,97.0,54.0,22.0,1.0,1029.0,29.0,5.4,2
001035,1/14/2014 6:10:00 PM,111.0,66.0,27.0,0.0,1029.0,32.0,4.32,2
001035,1/14/2014 7:07:00 PM,108.0,67.0,31.0,-2.0,1029.0,38.0,2.88,2
001035,1/14/2014 8:09:00 PM,135.0,82.0,37.0,-2.0,1029.0,40.0,5.04,2
001035,1/14/2014 9:07:00 PM,137.0,86.0,40.0,-5.0,1030.0,44.0,5.4,2
001035,1/14/2014 10:09:00 PM,181.0,102.0,38.0,-2.0,1030.0,36.0,5.4,2
001035,1/14/2014 11:07:00 PM,194.0,103.0,44.0,-2.0,1030.0,35.0,5.04,2
001035,1/15/2014 12:09:00 AM,180.0,91.0,42.0,-2.0,1030.0,35.0,6.84,2
001035,1/15/2014 1:06:00 AM,209.0,101.0,40.0,-4.0,1029.0,36.0,3.6,2
001035,1/15/2014 2:08:00 AM,236.0,121.0,41.0,-6.0,1029.0,42.0,3.96,2
001035,1/15/2014 3:06:00 AM,262.0,134.0,44.0,-8.0,1029.0,51.0,2.52,2
001035,1/15/2014 4:09:00 AM,274.0,138.0,43.0,-9.0,1029.0,59.0,0.72,2
001035,1/15/2014 5:07:00 AM,268.0,133.0,42.0,-9.0,1028.0,57.0,0.36,2
001035,1/15/2014 6:08:00 AM,263.0,133.0,42.0,-9.0,1028.0,60.0,2.16,2
001035,1/15/2014 7:06:00 AM,267.0,139.0,41.0,0.0,1029.0,63.0,0.36,2
001035,1/15/2014 8:08:00 AM,275.0,145.0,44.0,0.0,1029.0,66.0,0.72,2
001035,1/15/2014 11:08:00 AM,298.0,163.0,36.0,1.0,1029.0,31.0,4.68,2
001035,1/15/2014 12:11:00 PM,352.0,187.0,56.0,3.0,1028.0,21.0,5.04,2
001035,1/15/2014 1:07:00 PM,372.0,212.0,63.0,3.0,1026.0,19.0,8.28,2
001035,1/15/2014 2:10:00 PM,408.0,297.0,75.0,4.0,1025.0,20.0,5.4,2
001035,1/15/2014 3:07:00 PM,438.0,370.0,80.0,4.0,1025.0,22.0,8.28,2
001035,1/15/2014 4:09:00 PM,454.0,398.0,75.0,3.0,1024.0,27.0,7.92,2
001035,1/15/2014 5:07:00 PM,460.0,393.0,75.0,1.0,1024.0,34.0,3.24,2
001035,1/15/2014 6:08:00 PM,474.0,406.0,77.0,1.0,1025.0,42.0,3.6,3
001035,1/15/2014 7:07:00 PM,479.0,409.0,78.0,-1.0,1025.0,47.0,3.24,3
001035,1/15/2014 8:09:00 PM,485.0,426.0,75.0,-1.0,1024.0,51.0,4.68,3
001035,1/15/2014 9:07:00 PM,480.0,434.0,57.0,-1.0,1025.0,63.0,4.32,3
001035,1/15/2014 10:09:00 PM,483.0,423.0,49.0,-1.0,1024.0,66.0,5.4,3
001035,1/15/2014 11:07:00 PM,486.0,433.0,48.0,-2.0,1024.0,71.0,1.44,3
001035,1/16/2014 12:09:00 AM,487.0,460.0,48.0,-4.0,1024.0,74.0,0.36,3
001035,1/16/2014 1:07:00 AM,486.0,457.0,49.0,-5.0,1023.0,79.0,3.24,3
001035,1/16/2014 2:08:00 AM,474.0,440.0,40.0,-5.0,1023.0,84.0,3.6,3
001035,1/16/2014 3:07:00 AM,470.0,455.0,40.0,-5.0,1023.0,85.0,1.8,3
001035,1/16/2014 4:09:00 AM,470.0,451.0,38.0,-4.0,1022.0,83.0,3.24,3
001035,1/16/2014 5:06:00 AM,468.0,445.0,41.0,-4.0,1022.0,82.0,2.16,3
001035,1/16/2014 6:08:00 AM,464.0,424.0,41.0,-2.0,1022.0,79.0,1.8,3
001035,1/16/2014 7:07:00 AM,466.0,414.0,42.0,-2.0,1023.0,81.0,1.44,3
001035,1/16/2014 8:10:00 AM,477.0,426.0,45.0,-4.0,1023.0,84.0,2.88,3
001035,1/16/2014 9:07:00 AM,470.0,402.0,47.0,-4.0,1024.0,83.0,3.96,3
001035,1/16/2014 10:09:00 AM,473.0,409.0,53.0,0.0,1024.0,77.0,3.24,3
001035,1/16/2014 11:08:00 AM,484.0,427.0,58.0,2.0,1024.0,67.0,5.4,3
001035,1/16/2014 12:09:00 PM,452.0,343.0,51.0,3.0,1023.0,53.0,5.04,5
001035,1/16/2014 1:07:00 PM,435.0,288.0,47.0,3.0,1022.0,40.0,9.36,5
001035,1/16/2014 2:09:00 PM,408.0,202.0,46.0,5.0,1022.0,28.0,6.84,5
001035,1/16/2014 3:07:00 PM,350.0,160.0,43.0,4.0,1022.0,31.0,7.92,5
001035,1/16/2014 4:09:00 PM,289.0,130.0,42.0,4.0,1023.0,33.0,5.04,5
001035,1/16/2014 5:07:00 PM,308.0,151.0,45.0,3.0,1023.0,46.0,5.76,5
001035,1/16/2014 6:08:00 PM,312.0,149.0,45.0,1.0,1024.0,57.0,2.16,2
001035,1/16/2014 7:08:00 PM,307.0,150.0,46.0,0.0,1025.0,68.0,1.8,2
001035,1/16/2014 8:09:00 PM,304.0,159.0,49.0,-2.0,1026.0,74.0,5.76,2
001035,1/16/2014 10:09:00 PM,389.0,248.0,54.0,-4.0,1027.0,81.0,3.24,2
001035,1/16/2014 11:07:00 PM,367.0,221.0,48.0,-1.0,1027.0,85.0,8.64,2
001035,1/17/2014 12:09:00 AM,274.0,140.0,39.0,-1.0,1027.0,85.0,4.68,2
001035,1/17/2014 1:07:00 AM,300.0,138.0,40.0,-1.0,1027.0,85.0,7.2,2
001035,1/17/2014 2:08:00 AM,296.0,135.0,35.0,-1.0,1027.0,86.0,6.84,2
001035,1/17/2014 3:07:00 AM,280.0,120.0,34.0,-1.0,1027.0,84.0,8.64,2
001035,1/17/2014 4:09:00 AM,208.0,61.0,30.0,-2.0,1027.0,64.0,10.08,2
001035,1/17/2014 6:08:00 AM,121.0,13.0,21.0,-2.0,1027.0,68.0,8.28,2
001035,1/17/2014 7:07:00 AM,85.0,6.0,13.0,-2.0,1027.0,68.0,4.68,2
001035,1/17/2014 9:07:00 AM,68.0,6.0,18.0,-2.0,1028.0,67.0,4.32,2
001035,1/17/2014 10:09:00 AM,76.0,6.0,19.0,-2.0,1029.0,64.0,2.16,2
001035,1/17/2014 11:08:00 AM,82.0,14.0,18.0,0.0,1028.0,68.0,3.6,2
001035,1/17/2014 12:09:00 PM,96.0,35.0,17.0,1.0,1027.0,63.0,6.84,1
001035,1/17/2014 1:07:00 PM,130.0,60.0,19.0,2.0,1027.0,56.0,7.56,1
001035,1/17/2014 2:09:00 PM,178.0,87.0,23.0,3.0,1026.0,51.0,4.68,1
001035,1/17/2014 3:07:00 PM,258.0,126.0,27.0,3.0,1026.0,48.0,10.44,1
001035,1/17/2014 4:09:00 PM,267.0,132.0,31.0,3.0,1026.0,51.0,10.44,1
001035,1/17/2014 5:07:00 PM,281.0,146.0,34.0,2.0,1026.0,59.0,7.56,1
001035,1/17/2014 6:09:00 PM,318.0,170.0,43.0,1.0,1027.0,65.0,11.16,2
001035,1/17/2014 7:07:00 PM,326.0,170.0,46.0,1.0,1027.0,69.0,9.0,2
001035,1/17/2014 8:09:00 PM,329.0,171.0,49.0,0.0,1028.0,72.0,10.8,2
001035,1/17/2014 9:07:00 PM,334.0,169.0,46.0,0.0,1028.0,73.0,8.28,2
001035,1/17/2014 10:09:00 PM,341.0,181.0,46.0,-1.0,1028.0,76.0,6.84,2
001035,1/17/2014 11:08:00 PM,347.0,177.0,44.0,-2.0,1028.0,81.0,3.6,2
001035,1/18/2014 12:26:00 AM,377.0,230.0,42.0,-2.0,1028.0,80.0,6.84,2
001035,1/18/2014 1:07:00 AM,377.0,230.0,42.0,-3.0,1028.0,84.0,3.96,2
001035,1/18/2014 2:08:00 AM,398.0,254.0,43.0,-4.0,1029.0,85.0,0.36,2
001035,1/18/2014 3:07:00 AM,406.0,272.0,43.0,-6.0,1029.0,88.0,1.44,2
001035,1/21/2014 3:07:00 PM,61.5727046560449,88.06872807815606,16.686151574595385,-23.86250741702892,1020.0308584107024,-11.032900849025218,-12.18850221878264,7
001035,1/21/2014 4:08:00 PM,76.0,60.0,10.0,3.0,1026.0,14.0,8.28,2
001035,1/21/2014 6:08:00 PM,76.0,64.0,15.0,1.0,1025.0,18.0,3.6,2
001035,1/21/2014 8:08:00 PM,100.0,75.0,22.0,0.0,1025.0,23.0,4.68,2
001035,1/21/2014 10:08:00 PM,142.0,94.0,35.0,-4.0,1024.0,28.0,3.6,2
001035,1/21/2014 11:07:00 PM,142.0,89.0,35.0,-1.0,1023.0,26.0,3.6,2
001035,1/22/2014 12:08:00 AM,123.0,79.0,29.0,-4.0,1023.0,29.0,4.68,2
001035,1/22/2014 1:06:00 AM,136.0,84.0,33.0,-5.0,1023.0,34.0,1.8,2
001035,1/22/2014 2:08:00 AM,142.0,86.0,33.0,-7.0,1022.0,39.0,2.88,2
001035,1/22/2014 4:08:00 AM,201.0,103.0,30.0,-8.0,1021.0,47.0,0.36,2
001035,1/22/2014 6:08:00 AM,177.0,94.0,27.0,-9.0,1021.0,53.0,0.36,2
001035,1/22/2014 7:06:00 AM,174.0,92.0,28.0,-9.0,1021.0,54.0,0.36,2
001035,1/22/2014 8:08:00 AM,165.0,90.0,26.0,-9.0,1021.0,56.0,0.36,2
001035,1/22/2014 9:06:00 AM,174.0,97.0,24.0,-6.0,1021.0,52.0,0.36,2
001035,1/22/2014 10:09:00 AM,197.0,120.0,24.0,-1.0,1021.0,33.0,2.52,2
001035,1/22/2014 11:07:00 AM,210.0,127.0,23.0,2.0,1021.0,25.0,4.32,2
001035,1/22/2014 12:08:00 PM,226.0,126.0,42.0,3.0,1020.0,21.0,3.96,2
001035,1/22/2014 3:07:00 PM,215.0,111.0,40.0,5.0,1017.0,15.0,5.04,2
001035,1/22/2014 4:09:00 PM,210.0,113.0,34.0,5.0,1017.0,17.0,7.56,2
001035,1/22/2014 5:06:00 PM,217.0,117.0,34.0,3.0,1017.0,19.0,5.76,2
001035,1/22/2014 6:08:00 PM,203.0,110.0,32.0,2.0,1017.0,23.0,2.88,2
001035,1/22/2014 7:06:00 PM,206.0,109.0,34.0,0.0,1017.0,28.0,0.36,2
001035,1/22/2014 8:08:00 PM,225.0,126.0,32.0,-2.0,1018.0,32.0,0.36,2
001035,1/22/2014 9:07:00 PM,257.0,137.0,36.0,-4.0,1018.0,35.0,0.36,2
001035,1/22/2014 10:10:00 PM,264.0,138.0,36.0,-4.0,1018.0,39.0,2.16,2
001035,1/22/2014 11:07:00 PM,247.0,132.0,37.0,-5.0,1018.0,44.0,0.36,2
001035,1/23/2014 12:09:00 AM,248.0,134.0,43.0,-6.0,1017.0,49.0,0.36,2
001035,1/23/2014 1:22:00 AM,296.0,152.0,42.0,-6.0,1017.0,51.0,0.72,2
001035,1/23/2014 2:12:00 AM,296.0,152.0,42.0,-6.0,1016.0,51.0,0.72,2
001035,1/23/2014 3:11:00 AM,329.08806794793014,184.20766122326447,31.980627365676128,1.4270363585768404,1023.6079078808106,61.21654853223724,23.57250477891043,8
001035,1/23/2014 4:12:00 AM,306.34309433019075,200.68776519059986,38.5056620845054,14.029406816039973,960.1085835181107,64.15769009108368,2.4415785667905636,8
001035,1/23/2014 6:08:00 AM,365.7870193976525,210.125084727368,55.07128564295728,-25.96407562485713,1033.3434294090096,56.00902440911416,-8.561185181711314,8
001035,1/23/2014 7:06:00 AM,383.32286997011715,143.47359464685837,64.11756919957631,-0.21455507389192974,1000.1168611692951,75.61540274971122,-19.8460498719164,8
001035,1/23/2014 9:07:00 AM,341.2095722685343,213.825656859066,63.65564099486396,8.439068522361685,1032.6782666601055,69.53988106699572,0.0625487351430678,8
001035,1/23/2014 12:12:00 PM,295.95876556802995,233.0216226442409,69.8184613218982,11.556723559118469,1056.363758357441,9.18974119796788,35.81665973853019,8
001035,1/23/2014 1:07:00 PM,300.43640649200466,180.03347536787416,47.02795961403681,-30.267570346649443,1041.2416173761771,58.02097895460099,32.755924807699614,8
001035,1/23/2014 3:06:00 PM,366.9398491438647,172.58305135486816,69.96342438117456,17.977423031602555,1070.4057651626138,19.325977805241084,-21.883699173082263,8
001035,1/23/2014 4:08:00 PM,337.2892281700713,192.4485822905468,51.141445026516195,0.5729484949967105,1006.0311673884338,35.30610336319767,31.41172578505902,8
001035,1/23/2014 7:06:00 PM,341.9522584095944,189.6188032461869,30.021027809638838,-22.74335243293246,1011.6549185440123,14.851661353395485,11.604122826374962,8
001035,1/23/2014 8:08:00 PM,333.3798583741548,228.6845993209783,25.018244649525116,-6.6371827997563235,875.7817566340086,34.328630640140275,-15.09798674447212,8
001035,1/23/2014 9:06:00 PM,343.48948199477337,183.97918736375183,68.110235400748,-19.132022057388575,999.5880714426185,61.404327881072504,-13.38984638736936,8
001035,1/23/2014 10:08:00 PM,368.55743937604484,231.04376988166433,87.5930693178747,-20.946420113854025,1020.4184693410715,80.70900568097643,-15.994641659995253,8
001035,1/24/2014 3:07:00 PM,90.57558232526117,76.16744588677815,-13.934729809971643,10.695475943173784,1045.6626553652432,12.083246480327562,25.174555940335182,8
001035,1/24/2014 6:08:00 PM,81.0,59.0,29.0,7.0,1014.0,13.0,2.88,2
001035,1/24/2014 9:07:00 PM,71.0,47.0,30.0,4.0,1017.0,16.0,2.88,2
001035,1/24/2014 10:08:00 PM,92.0,66.0,27.0,3.0,1017.0,18.0,0.72,2
001035,1/24/2014 11:08:00 PM,98.0,69.0,27.0,3.0,1018.0,21.0,0.36,2
001035,1/25/2014 1:06:00 AM,133.0,88.0,32.0,1.0,1019.0,27.0,0.72,2
001035,1/25/2014 3:06:00 AM,194.0,118.0,42.0,-2.0,1019.0,35.0,0.36,2
001035,1/25/2014 5:06:00 AM,226.0,133.0,46.0,-4.0,1019.0,47.0,0.36,2
001035,1/25/2014 7:06:00 AM,213.0861008340954,112.67993767141522,33.01172285144091,-32.97936505636122,1043.0243725471573,29.002030541327592,-31.375933881046713,7
001035,1/25/2014 8:08:00 AM,246.0,134.0,42.0,-1.0,1021.0,41.0,3.6,2
001035,1/25/2014 4:08:00 PM,12.0,17.0,7.0,6.0,1023.0,12.0,9.36,2
001035,1/26/2014 12:09:00 AM,53.0,45.0,11.0,-2.0,1030.0,69.0,2.88,2
001035,1/26/2014 1:06:00 AM,55.0,45.0,12.0,-4.0,1030.0,73.0,3.24,2
001035,1/26/2014 2:08:00 AM,66.0,54.0,12.0,-4.0,1030.0,76.0,3.96,2
001035,1/26/2014 4:08:00 AM,70.0,54.0,12.0,-6.0,1029.0,80.0,4.32,2
001035,1/26/2014 6:08:00 AM,61.0,53.0,11.0,-6.0,1029.0,85.0,1.8,2
001035,1/26/2014 7:06:00 AM,87.0,61.0,13.0,-7.0,1030.0,84.0,3.6,2
001035,1/26/2014 8:08:00 AM,148.0,83.0,14.0,-8.0,1030.0,85.0,6.84,2
001035,1/26/2014 9:06:00 AM,73.0,55.0,12.0,-4.0,1029.0,74.0,6.84,2
001035,1/26/2014 11:07:00 AM,83.0,75.0,12.0,1.0,1028.0,51.0,7.92,2
001035,1/26/2014 12:09:00 PM,70.0,54.0,8.0,1.0,1027.0,46.0,12.24,2
001035,1/26/2014 3:07:00 PM,52.0,79.0,8.0,3.0,1022.0,35.0,8.64,2
001035,1/26/2014 4:09:00 PM,70.0,69.0,9.0,3.0,1020.0,33.0,9.0,2
001035,1/26/2014 5:07:00 PM,80.0,70.0,11.0,3.0,1020.0,34.0,3.96,2
001035,1/26/2014 7:07:00 PM,105.0,76.0,18.0,1.0,1020.0,43.0,3.96,2
001035,1/26/2014 8:09:00 PM,128.0,87.0,21.0,-2.0,1019.0,52.0,1.8,2
001035,1/26/2014 10:10:00 PM,154.0,99.0,35.0,-2.0,1018.0,57.0,5.04,2
001035,1/26/2014 11:08:00 PM,215.0,120.0,36.0,-4.0,1017.0,58.0,3.6,2
001035,1/27/2014 12:09:00 AM,168.0,98.0,31.0,-5.0,1016.0,62.0,2.52,2
001035,1/27/2014 1:07:00 AM,187.0,99.0,30.0,-5.0,1015.0,66.0,2.52,2
001035,1/27/2014 2:09:00 AM,202.0,106.0,25.0,-5.0,1015.0,75.0,2.16,2
001035,1/27/2014 3:06:00 AM,194.0,104.0,27.0,-5.0,1015.0,78.0,2.16,2
001035,1/27/2014 4:08:00 AM,181.0,103.0,31.0,-5.0,1014.0,80.0,1.8,2
001035,1/27/2014 5:06:00 AM,152.0,89.0,30.0,-6.0,1013.0,82.0,0.36,2
001035,1/27/2014 6:08:00 AM,142.0,84.0,28.0,-5.0,1013.0,85.0,1.44,2
001035,1/27/2014 7:06:00 AM,145.0,81.0,26.0,-5.0,1013.0,83.0,0.36,2
001035,1/27/2014 8:08:00 AM,147.0,83.0,22.0,-5.0,1013.0,84.0,0.36,2
001035,1/27/2014 9:06:00 AM,135.0,82.0,25.0,-5.0,1013.0,83.0,0.36,2
001035,1/27/2014 12:08:00 PM,174.0,102.0,28.0,3.0,1013.0,42.0,3.24,2
001035,1/27/2014 1:07:00 PM,168.0,100.0,30.0,4.0,1012.0,35.0,3.96,2
001035,1/27/2014 2:08:00 PM,181.0,106.0,31.0,5.0,1012.0,32.0,4.68,2
001035,1/27/2014 3:06:00 PM,197.0,109.0,31.0,7.0,1012.0,29.0,3.6,2
001035,1/27/2014 4:09:00 PM,210.0,117.0,37.0,8.0,1013.0,28.0,6.84,2
001035,1/27/2014 5:08:00 PM,228.0,130.0,43.0,7.0,1014.0,25.0,7.56,2
001035,1/27/2014 6:11:00 PM,310.0,162.0,44.0,10.0,1015.0,11.0,13.32,2
001035,1/27/2014 7:08:00 PM,244.0,142.0,45.0,8.0,1017.0,11.0,10.8,2
001035,1/27/2014 8:08:00 PM,115.0,93.0,20.0,6.0,1019.0,11.0,2.52,2
001035,1/27/2014 11:07:00 PM,20.0,44.0,8.0,2.0,1022.0,16.0,2.52,2
001035,1/28/2014 12:09:00 AM,15.0,19.0,6.0,2.0,1023.0,15.0,0.36,2
001035,1/28/2014 1:07:00 AM,14.0,17.0,6.0,1.0,1024.0,17.0,2.88,2
001035,1/28/2014 2:08:00 AM,22.0,14.0,10.0,0.0,1025.0,19.0,5.04,2
001035,1/28/2014 3:06:00 AM,21.0,27.0,6.0,0.0,1024.0,20.0,6.12,2
001035,1/28/2014 4:08:00 AM,17.0,18.0,4.0,0.0,1025.0,20.0,1.8,2
001035,1/28/2014 6:08:00 AM,17.0,11.0,5.0,-4.0,1025.0,24.0,1.8,2
001035,1/28/2014 7:06:00 AM,22.0,18.0,7.0,-4.0,1026.0,27.0,3.96,2
001035,1/28/2014 8:08:00 AM,35.0,31.0,9.0,-5.0,1027.0,28.0,2.52,2
001035,1/28/2014 10:08:00 AM,61.0,56.0,20.0,3.0,1027.0,16.0,5.04,2
001035,1/28/2014 11:07:00 AM,57.0,60.0,20.0,3.0,1027.0,34.0,10.8,2
001035,1/28/2014 12:08:00 PM,86.0,95.0,13.0,4.0,1026.0,35.0,10.44,2
001035,1/28/2014 2:09:00 PM,72.0,84.0,7.0,5.0,1024.0,32.0,13.32,2
001035,1/28/2014 4:08:00 PM,66.0,78.0,6.0,5.0,1022.0,30.0,8.64,2
001035,1/28/2014 5:06:00 PM,72.0,76.0,5.0,4.0,1021.0,31.0,9.36,2
001035,1/28/2014 6:08:00 PM,73.0,77.0,7.0,3.0,1021.0,33.0,7.2,2
001035,1/28/2014 7:06:00 PM,76.0,78.0,9.0,2.0,1021.0,35.0,5.76,2
001035,1/28/2014 9:06:00 PM,133.0,108.0,21.0,-1.0,1020.0,57.0,11.16,2
001035,1/28/2014 10:08:00 PM,137.0,107.0,18.0,-2.0,1020.0,67.0,8.28,2
001035,1/28/2014 11:06:00 PM,103.0,80.0,17.0,-4.0,1019.0,72.0,5.04,2
001035,1/29/2014 12:09:00 AM,92.0,68.0,14.0,-4.0,1018.0,73.0,1.44,2
001035,1/29/2014 1:07:00 AM,102.0,73.0,12.0,-5.0,1017.0,75.0,3.24,2
001035,1/29/2014 2:08:00 AM,97.0,69.0,11.0,-6.0,1016.0,79.0,4.32,2
001035,1/29/2014 3:10:00 AM,102.0,67.0,12.0,-6.0,1016.0,79.0,2.88,2
001035,1/29/2014 4:11:00 AM,103.0,69.0,14.0,-6.0,1014.0,81.0,5.04,2
001035,1/29/2014 6:12:00 AM,122.0,72.0,16.0,-6.0,1012.0,79.0,0.72,2
001035,1/29/2014 7:10:00 AM,113.0,71.0,19.0,-7.0,1011.0,81.0,0.36,2
001035,1/29/2014 9:10:00 AM,113.0,73.0,19.0,-4.0,1011.0,76.0,3.6,2
001035,1/29/2014 11:11:00 AM,117.0,82.0,21.0,0.0,1010.0,59.0,7.2,2
001035,1/29/2014 12:12:00 PM,132.0,87.0,20.0,2.0,1009.0,49.0,6.48,1
001035,1/29/2014 2:11:00 PM,167.0,100.0,23.0,3.0,1006.0,44.0,10.8,1
001035,1/29/2014 3:10:00 PM,197.0,113.0,22.0,3.0,1007.0,44.0,7.92,1
001035,1/29/2014 4:12:00 PM,238.0,131.0,22.0,3.0,1007.0,43.0,3.24,1
001035,1/29/2014 5:12:00 PM,245.0,137.0,22.0,3.0,1007.0,45.0,3.6,1
001035,1/29/2014 6:13:00 PM,265.0,149.0,24.0,1.0,1007.0,50.0,1.44,2
001035,1/29/2014 8:13:00 PM,282.0,152.0,31.0,-2.0,1008.0,61.0,0.36,2
001035,1/29/2014 9:10:00 PM,281.0,154.0,33.0,-2.0,1009.0,67.0,0.36,2
001035,1/29/2014 10:12:00 PM,306.0,164.0,32.0,-4.0,1009.0,68.0,0.36,2
001035,1/29/2014 11:11:00 PM,300.0,158.0,30.0,-2.0,1009.0,69.0,0.72,2
001035,1/30/2014 2:08:00 AM,330.0,175.0,38.0,-5.0,1011.0,74.0,0.36,2
001035,1/30/2014 4:08:00 AM,316.0,163.0,37.0,-4.0,1011.0,73.0,4.32,2
001035,1/30/2014 8:08:00 AM,342.0,178.0,34.0,3.0,1014.0,18.0,10.08,2
001035,1/30/2014 9:06:00 AM,333.0,176.0,33.0,4.0,1015.0,16.0,8.28,2
001035,1/30/2014 10:08:00 AM,332.0,183.0,37.0,5.0,1015.0,12.0,12.6,2
001035,1/30/2014 12:08:00 PM,135.0,62.0,17.0,7.0,1015.0,11.0,9.0,2
001035,1/30/2014 1:06:00 PM,32.0,6.0,7.0,8.0,1014.0,10.0,6.48,2
001035,1/30/2014 2:08:00 PM,25.0,9.0,6.0,9.0,1013.0,10.0,3.6,2
001035,1/30/2014 3:07:00 PM,27.0,11.0,7.0,8.0,1013.0,10.0,11.16,2
001035,1/30/2014 6:06:00 PM,77.0,53.0,6.0,4.0,1014.0,14.0,5.4,2
001035,1/30/2014 8:08:00 PM,215.0,145.0,23.0,2.0,1015.0,48.0,10.08,2
001035,1/30/2014 9:06:00 PM,232.0,157.0,19.0,1.0,1015.0,60.0,5.76,2
001035,1/30/2014 10:09:00 PM,136.0,98.0,10.0,-1.0,1016.0,71.0,6.12,2
001035,1/30/2014 11:07:00 PM,123.0,81.0,12.0,-1.0,1016.0,76.0,2.88,2
001035,1/31/2014 12:09:00 AM,115.0,78.0,12.0,-2.0,1017.0,79.0,2.16,2
001035,1/31/2014 1:06:00 AM,106.0,77.0,11.0,-2.0,1017.0,83.0,2.16,2
001035,1/31/2014 2:07:00 AM,368.0,318.0,17.0,-4.0,1017.0,83.0,3.6,2
001035,1/31/2014 3:06:00 AM,452.0,463.0,19.0,-4.0,1017.0,79.0,3.24,2
001035,1/31/2014 5:06:00 AM,251.0,143.0,14.0,-5.0,1016.0,77.0,2.52,2
001035,1/31/2014 7:06:00 AM,259.0,148.0,19.0,-4.0,1016.0,74.0,3.24,2
001035,1/31/2014 8:08:00 AM,242.0,140.0,21.0,-4.0,1016.0,73.0,3.6,2
001035,1/31/2014 9:06:00 AM,270.0,162.0,22.0,-1.0,1016.0,69.0,4.68,1
001035,1/31/2014 10:08:00 AM,232.0,139.0,19.0,1.0,1016.0,61.0,6.12,1
001035,1/31/2014 12:08:00 PM,135.0,86.0,15.0,3.0,1015.0,55.0,9.0,1
001035,1/31/2014 2:08:00 PM,138.0,92.0,13.0,3.0,1014.0,56.0,7.92,1
001035,1/31/2014 3:07:00 PM,151.0,107.0,12.0,3.0,1013.0,56.0,6.84,1
001035,1/31/2014 4:09:00 PM,158.0,116.0,13.0,3.0,1013.0,58.0,8.28,1
001035,1/31/2014 5:06:00 PM,152.0,113.0,14.0,3.0,1013.0,61.0,5.4,1
001035,1/31/2014 7:07:00 PM,160.0,109.0,15.0,2.0,1015.0,68.0,4.32,3
001035,1/31/2014 8:09:00 PM,175.0,125.0,19.0,2.0,1015.0,71.0,4.68,3
001035,1/31/2014 9:09:00 PM,201.0,127.0,21.0,2.0,1015.0,73.0,4.32,3
001035,1/31/2014 10:11:00 PM,200.0,126.0,22.0,2.0,1015.0,76.0,3.6,3
001035,1/31/2014 11:07:00 PM,201.0,130.0,24.0,2.0,1015.0,84.0,4.32,3
001035,2/1/2014 12:10:00 AM,202.0,130.0,24.0,2.0,1015.0,89.0,3.24,3
001035,2/1/2014 2:08:00 AM,201.0,111.0,21.0,2.0,1014.0,91.0,2.52,3
001035,2/1/2014 3:06:00 AM,190.0,99.0,15.0,2.0,1014.0,91.0,0.72,3
001035,2/1/2014 4:08:00 AM,194.0,99.0,16.0,2.0,1013.0,91.0,2.88,3
001035,2/1/2014 6:08:00 AM,195.0,97.0,22.0,2.0,1013.0,86.0,3.96,3
001035,2/1/2014 7:08:00 AM,197.0,101.0,22.0,3.0,1013.0,81.0,4.68,3
001035,2/1/2014 9:06:00 AM,174.0,90.0,23.0,3.0,1014.0,78.0,2.88,1
001035,2/1/2014 11:06:00 AM,195.0,96.0,22.0,3.0,1014.0,79.0,3.96,1
001035,2/1/2014 12:09:00 PM,190.0,94.0,19.0,3.0,1013.0,83.0,5.76,5
001035,2/1/2014 1:07:00 PM,175.0,90.0,16.0,3.0,1012.0,82.0,5.04,5
001035,2/1/2014 2:07:00 PM,177.0,91.0,15.0,3.0,1011.0,82.0,6.12,5
001035,2/1/2014 3:06:00 PM,137.0,65.0,14.0,3.0,1011.0,86.0,6.84,5
001035,2/1/2014 4:11:00 PM,148.0,68.0,16.0,3.0,1010.0,86.0,6.48,5
001035,2/1/2014 5:07:00 PM,155.0,76.0,15.0,3.0,1010.0,91.0,10.8,5
001035,2/1/2014 6:08:00 PM,150.0,72.0,14.0,3.0,1010.0,90.0,6.12,2
001035,2/1/2014 8:09:00 PM,117.0,66.0,15.0,2.0,1010.0,92.0,5.04,2
001035,2/1/2014 9:07:00 PM,122.0,76.0,13.0,2.0,1009.0,91.0,6.12,2
001035,2/1/2014 10:09:00 PM,117.0,67.0,13.0,2.0,1009.0,89.0,5.76,2
001035,2/2/2014 12:09:00 AM,122.0,73.0,14.0,2.0,1008.0,90.0,3.24,2
001035,2/2/2014 2:08:00 AM,132.0,72.0,12.0,2.0,1008.0,90.0,3.6,2
001035,2/2/2014 3:06:00 AM,146.0,79.0,12.0,2.0,1008.0,87.0,5.4,2
001035,2/2/2014 5:06:00 AM,185.0,93.0,14.0,2.0,1007.0,84.0,4.68,2
001035,2/2/2014 6:08:00 AM,205.0,108.0,16.0,2.0,1008.0,83.0,0.36,2
001035,2/2/2014 7:06:00 AM,220.0,116.0,16.0,1.0,1008.0,85.0,3.96,2
001035,2/2/2014 8:08:00 AM,235.0,125.0,16.0,0.0,1008.0,89.0,4.32,2
001035,2/2/2014 10:08:00 AM,217.0,118.0,12.0,6.0,1010.0,28.0,11.88,2
001035,2/2/2014 12:08:00 PM,233.0,118.0,18.0,10.0,1009.0,14.0,15.84,2
001035,2/2/2014 1:07:00 PM,259.0,131.0,18.0,10.0,1009.0,14.0,15.84,2
001035,2/2/2014 3:07:00 PM,30.0,88.0,1.0,10.0,1009.0,14.0,15.84,2
001035,2/2/2014 4:10:00 PM,31.0,82.0,2.0,10.0,1009.0,14.0,15.84,2
001035,2/2/2014 5:09:00 PM,31.0,71.0,3.0,10.0,1009.0,14.0,15.84,2
001035,2/2/2014 6:08:00 PM,27.0,66.0,3.0,7.0,1012.0,11.0,13.32,2
001035,2/2/2014 7:06:00 PM,25.0,56.0,3.0,5.0,1014.0,10.0,11.16,2
001035,2/2/2014 8:08:00 PM,15.0,49.0,3.0,4.0,1014.0,10.0,14.4,2
001035,2/2/2014 9:06:00 PM,24.0,36.0,4.0,3.0,1015.0,9.0,7.92,2
001035,2/2/2014 10:08:00 PM,20.0,15.0,4.0,3.0,1016.0,9.0,9.36,2
001035,2/2/2014 11:06:00 PM,18.0,10.0,3.0,2.0,1017.0,10.0,5.76,2
001035,2/3/2014 12:08:00 AM,17.0,18.0,3.0,2.0,1018.0,10.0,9.72,2
001035,2/3/2014 1:06:00 AM,52.0,137.0,6.0,0.0,1019.0,48.0,2.88,2
001035,2/3/2014 2:08:00 AM,50.0,116.0,6.0,0.0,1020.0,52.0,4.68,2
001035,2/3/2014 3:06:00 AM,41.0,117.0,6.0,0.0,1020.0,32.0,7.2,2
001035,2/3/2014 4:08:00 AM,47.0,106.0,6.0,0.0,1021.0,25.0,21.96,2
001035,2/3/2014 5:06:00 AM,42.0,105.0,8.0,-1.0,1022.0,23.0,19.08,2
001035,2/3/2014 7:06:00 AM,8.0,6.0,1.0,-2.0,1024.0,12.0,9.0,2
001035,2/3/2014 10:08:00 AM,4.0,6.0,2.0,0.0,1025.0,8.0,12.24,2
001035,2/3/2014 11:07:00 AM,10.0,12.0,1.0,1.0,1025.0,8.0,12.24,2
001035,2/3/2014 12:08:00 PM,8.0,46.0,1.0,1.0,1024.0,7.0,14.76,2
001035,2/3/2014 1:07:00 PM,4.0,18.0,1.0,2.0,1023.0,7.0,12.6,2
001035,2/3/2014 2:08:00 PM,7.0,6.0,1.0,3.0,1022.0,7.0,16.2,2
001035,2/3/2014 3:07:00 PM,8.0,13.0,1.0,3.0,1021.0,6.0,20.88,2
001035,2/3/2014 4:08:00 PM,8.0,47.0,2.0,2.0,1022.0,7.0,11.88,2
001035,2/3/2014 7:07:00 PM,10.0,55.0,2.0,0.0,1024.0,8.0,7.92,2
001035,2/3/2014 8:10:00 PM,12.0,42.0,3.0,0.0,1024.0,8.0,9.36,2
001035,2/3/2014 9:07:00 PM,12.0,34.0,3.0,0.0,1024.0,8.0,9.0,2
001035,2/3/2014 11:07:00 PM,11.0,33.0,4.0,-1.0,1025.0,9.0,4.32,2
001035,2/4/2014 1:06:00 AM,7.0,18.0,2.0,-2.0,1026.0,10.0,6.48,2
001035,2/4/2014 3:06:00 AM,7.0,13.0,1.0,-4.0,1026.0,10.0,6.84,2
001035,2/4/2014 4:08:00 AM,11.0,13.0,2.0,-4.0,1026.0,10.0,9.0,2
001035,2/4/2014 6:08:00 AM,4.0,10.0,2.0,-5.0,1025.0,10.0,8.28,2
001035,2/4/2014 7:06:00 AM,8.0,6.0,1.0,-6.0,1026.0,12.0,3.96,2
001035,2/4/2014 8:08:00 AM,20.0,29.0,3.0,-6.0,1027.0,13.0,6.48,2
001035,2/4/2014 9:06:00 AM,35.0,50.0,6.0,-2.0,1028.0,11.0,6.12,2
001035,2/4/2014 10:08:00 AM,72.0,76.0,8.0,-1.0,1027.0,9.0,6.48,2
001035,2/4/2014 11:06:00 AM,30.0,39.0,8.0,-1.0,1027.0,10.0,10.08,2
001035,2/4/2014 1:08:00 PM,28.0,26.0,7.0,0.0,1025.0,10.0,6.48,2
001035,2/4/2014 2:10:00 PM,24.0,26.0,5.0,1.0,1024.0,9.0,4.68,2
001035,2/4/2014 4:09:00 PM,38.0,45.0,5.0,1.0,1024.0,10.0,7.56,2
001035,2/4/2014 5:06:00 PM,42.0,51.0,5.0,0.0,1023.0,10.0,4.32,2
001035,2/4/2014 7:06:00 PM,45.0,53.0,5.0,-1.0,1024.0,12.0,4.32,2
001035,2/4/2014 8:09:00 PM,56.0,59.0,9.0,-3.0,1024.0,15.0,3.96,2
001035,2/4/2014 9:06:00 PM,71.0,59.0,11.0,-4.0,1025.0,15.0,2.52,2
001035,2/4/2014 10:09:00 PM,72.0,62.0,10.0,-2.0,1025.0,15.0,2.88,2
001035,2/5/2014 12:08:00 AM,102.0,73.0,21.0,-3.0,1026.0,16.0,5.04,2
001035,2/5/2014 1:08:00 AM,122.0,77.0,20.0,-4.0,1025.0,17.0,2.16,2
001035,2/5/2014 3:07:00 AM,152.0,83.0,18.0,-5.0,1025.0,19.0,4.32,2
001035,2/5/2014 4:08:00 AM,142.0,78.0,14.0,-5.0,1025.0,21.0,2.52,2
001035,2/5/2014 5:06:00 AM,150.0,82.0,13.0,-7.0,1025.0,26.0,3.6,2
001035,2/5/2014 6:08:00 AM,125.0,87.0,10.0,-7.0,1025.0,32.0,2.16,2
001035,2/5/2014 7:06:00 AM,82.0,69.0,7.0,-8.0,1025.0,42.0,0.36,2
001035,2/5/2014 8:08:00 AM,73.0,56.0,7.0,-8.0,1025.0,48.0,0.72,2
001035,2/5/2014 9:07:00 AM,68.0,52.0,9.0,-5.0,1026.0,54.0,2.88,2
001035,2/5/2014 10:08:00 AM,91.0,69.0,15.0,-2.0,1026.0,51.0,5.04,2
001035,2/5/2014 11:06:00 AM,102.0,82.0,12.0,-1.0,1026.0,47.0,3.96,2
001035,2/5/2014 12:08:00 PM,81.0,60.0,7.0,1.0,1025.0,40.0,3.96,2
001035,2/5/2014 1:06:00 PM,86.0,56.0,6.0,1.0,1024.0,36.0,7.92,2
001035,2/5/2014 2:08:00 PM,80.0,56.0,5.0,2.0,1022.0,35.0,10.8,2
001035,2/5/2014 3:07:00 PM,88.0,64.0,6.0,2.0,1023.0,36.0,9.36,2
001035,2/5/2014 4:08:00 PM,88.0,60.0,5.0,2.0,1023.0,35.0,5.04,2
001035,2/5/2014 5:06:00 PM,77.0,56.0,5.0,1.0,1023.0,33.0,3.96,2
001035,2/5/2014 8:08:00 PM,108.0,68.0,10.0,-2.0,1024.0,41.0,3.6,3
001035,2/5/2014 9:07:00 PM,103.0,68.0,11.0,-2.0,1024.0,44.0,0.36,3
001035,2/5/2014 10:09:00 PM,115.0,76.0,12.0,-4.0,1024.0,47.0,0.36,3
001035,2/5/2014 11:06:00 PM,120.0,77.0,13.0,-4.0,1025.0,50.0,3.96,3
001035,2/6/2014 1:06:00 AM,192.0,95.0,21.0,-5.0,1024.0,50.0,2.52,3
001035,2/6/2014 2:08:00 AM,185.0,91.0,20.0,-6.0,1024.0,54.0,3.6,3
001035,2/6/2014 3:06:00 AM,165.0,83.0,20.0,-6.0,1025.0,56.0,0.36,3
001035,2/6/2014 4:08:00 AM,146.0,78.0,16.0,-6.0,1025.0,52.0,1.8,3
001035,2/6/2014 5:06:00 AM,136.0,68.0,13.0,-6.0,1024.0,54.0,0.36,3
001035,2/6/2014 6:08:00 AM,125.0,61.0,11.0,-7.0,1025.0,59.0,1.44,3
001035,2/6/2014 7:06:00 AM,148.0,75.0,11.0,-6.0,1026.0,56.0,0.36,3
001035,2/6/2014 8:08:00 AM,130.0,68.0,13.0,-6.0,1026.0,55.0,2.16,3
001035,2/6/2014 9:07:00 AM,127.0,67.0,14.0,-4.0,1027.0,51.0,3.6,3
001035,2/6/2014 10:08:00 AM,128.0,71.0,17.0,-1.0,1027.0,44.0,3.96,3
001035,2/6/2014 11:07:00 AM,136.0,82.0,22.0,0.0,1027.0,38.0,6.84,3
001035,2/6/2014 12:08:00 PM,110.0,72.0,20.0,1.0,1026.0,37.0,6.48,3
001035,2/6/2014 1:06:00 PM,117.0,66.0,23.0,1.0,1025.0,30.0,7.2,3
001035,2/6/2014 3:06:00 PM,100.0,63.0,11.0,2.0,1025.0,29.0,3.24,3
001035,2/6/2014 4:08:00 PM,100.0,68.0,13.0,2.0,1025.0,30.0,1.8,3
001035,2/6/2014 5:07:00 PM,110.0,66.0,14.0,1.0,1025.0,32.0,4.68,3
001035,2/7/2014 7:07:00 PM,95.0,44.0,9.0,-4.0,1021.0,88.0,5.4,2
001035,2/7/2014 9:07:00 PM,91.0,44.0,11.0,-4.0,1021.0,88.0,6.48,2
001035,2/7/2014 10:07:00 PM,91.0,44.0,12.0,-4.0,1020.0,87.0,9.72,2
001035,2/7/2014 11:07:00 PM,95.0,47.0,13.0,-4.0,1020.0,87.0,6.12,2
001035,2/8/2014 1:06:00 AM,95.0,56.0,7.0,-4.0,1021.0,81.0,5.04,2
001035,2/8/2014 2:06:00 AM,87.0,43.0,7.0,-4.0,1021.0,83.0,5.76,2
001035,2/8/2014 3:06:00 AM,82.0,47.0,7.0,-4.0,1021.0,85.0,2.88,2
001035,2/8/2014 5:07:00 AM,87.0,51.0,6.0,-4.0,1020.0,87.0,3.96,2
001035,2/8/2014 7:06:00 AM,96.0,50.0,6.0,-6.0,1021.0,87.0,0.72,2
001035,2/8/2014 8:06:00 AM,93.0,51.0,6.0,-5.0,1022.0,91.0,3.96,2
001035,2/8/2014 9:07:00 AM,95.0,57.0,6.0,-5.0,1023.0,91.0,1.8,2
001035,2/8/2014 10:08:00 AM,115.0,68.0,9.0,-1.0,1023.0,76.0,3.24,2
001035,2/8/2014 12:07:00 PM,157.0,68.0,11.0,2.0,1023.0,32.0,14.76,2
001035,2/8/2014 2:07:00 PM,45.0,6.0,3.0,2.0,1022.0,27.0,16.56,2
001035,2/8/2014 3:08:00 PM,11.0,6.0,2.0,2.0,1022.0,27.0,12.24,2
001035,2/8/2014 6:07:00 PM,17.0,6.0,2.0,0.0,1025.0,28.0,14.76,2
001035,2/8/2014 8:07:00 PM,17.0,13.0,5.0,-2.0,1028.0,28.0,11.88,2
001035,2/8/2014 10:08:00 PM,10.0,6.0,6.0,-5.0,1030.0,28.0,14.04,2
001035,2/8/2014 11:07:00 PM,10.0,6.0,4.0,-6.0,1031.0,29.0,11.16,2
